0 0.40546875 0.23984375 0.05625 0.08671875
0 0.51796875 0.26171875 0.071875 0.0734375
0 0.3359375 0.33125 0.071875 0.0828125
1 0.4484375 0.39765625 0.07734375 0.07578125
0 0.5625 0.375 0.0796875 0.09375
1 0.23671875 0.44140625 0.07109375 0.07265625
0 0.365625 0.490625 0.05859375 0.10078125
0 0.4953125 0.49140625 0.065625 0.05625
0 0.559375 0.49453125 0.06953125 0.0515625
1 0.44609375 0.56875 0.0703125 0.0703125
1 0.60859375 0.553125 0.0640625 0.06953125
1 0.53515625 0.6046875 0.0703125 0.07265625
0 0.21171875 0.65078125 0.06640625 0.07109375
0 0.2921875 0.6640625 0.07890625 0.084375
1 0.384375 0.70234375 0.05546875 0.08125
0 0.48359375 0.71328125 0.0890625 0.08046875
0 0.5859375 0.725 0.06640625 0.07734375
0 0.22890625 0.8484375 0.07578125 0.09296875
0 0.3578125 0.83203125 0.078125 0.078125
0 0.51015625 0.8265625 0.06953125 0.0859375