1 0.8421875 0.6390625 0.053125 0.03203125
1 0.5578125 0.68125 0.04609375 0.0375
0 0.49765625 0.6921875 0.046875 0.0359375
0 0.71171875 0.58125 0.0390625 0.03515625
1 0.60078125 0.59140625 0.0375 0.03203125
1 0.4828125 0.58828125 0.0484375 0.03828125
0 0.7515625 0.42265625 0.0375 0.040625
1 0.621875 0.39140625 0.04140625 0.040625
0 0.61015625 0.528125 0.03203125 0.0359375
0 0.62109375 0.490625 0.0484375 0.03046875
0 0.4875 0.4984375 0.04140625 0.03046875
0 0.534375 0.54140625 0.040625 0.0265625
0 0.40703125 0.540625 0.03359375 0.0359375
0 0.41875 0.43828125 0.03828125 0.0359375
0 0.3953125 0.371875 0.03828125 0.03359375
1 0.2796875 0.471875 0.040625 0.0359375
1 0.3328125 0.5484375 0.0359375 0.034375
0 0.3765625 0.6015625 0.040625 0.02734375
0 0.409375 0.63984375 0.05 0.0421875
0 0.50078125 0.4015625 0.0546875 0.04765625
0 0.55703125 0.36171875 0.05 0.04765625