1 0.24609375 0.53359375 0.05546875 0.0375
0 0.26171875 0.42109375 0.04765625 0.03515625
0 0.309375 0.471875 0.0578125 0.040625
1 0.31484375 0.3546875 0.0453125 0.0453125
1 0.36953125 0.290625 0.040625 0.0390625
0 0.38359375 0.54375 0.0546875 0.028125
1 0.459375 0.56796875 0.05390625 0.0453125
0 0.5421875 0.58359375 0.05703125 0.03515625
0 0.39765625 0.34765625 0.05 0.0375
0 0.47109375 0.31640625 0.03515625 0.03515625
0 0.5296875 0.24375 0.046875 0.0390625
0 0.5484375 0.2921875 0.05546875 0.04140625
1 0.6484375 0.3265625 0.0484375 0.04140625
1 0.509375 0.37421875 0.0578125 0.040625
0 0.66328125 0.40078125 0.0515625 0.0421875
0 0.56640625 0.41796875 0.053125 0.034375
0 0.64765625 0.4578125 0.046875 0.04609375
1 0.50625 0.49453125 0.05546875 0.03359375
1 0.57421875 0.5 0.053125 0.0359375
0 0.434375 0.4765625 0.04765625 0.0546875
0 0.42421875 0.40234375 0.04453125 0.03671875