0 0.36015625 0.265625 0.0359375 0.0234375
0 0.41953125 0.29765625 0.040625 0.0203125
0 0.3140625 0.3546875 0.0390625 0.02421875
0 0.30546875 0.44375 0.04765625 0.028125
0 0.27578125 0.49140625 0.03828125 0.02265625
0 0.25859375 0.5421875 0.040625 0.021875
0 0.38515625 0.57109375 0.04765625 0.02578125
0 0.47265625 0.521875 0.0296875 0.03046875
0 0.33984375 0.484375 0.025 0.0265625
0 0.3859375 0.484375 0.0296875 0.03125
0 0.43984375 0.48515625 0.028125 0.0296875
1 0.53046875 0.59609375 0.04453125 0.02890625
1 0.3421875 0.53984375 0.03515625 0.03125
1 0.5203125 0.478125 0.03515625 0.0234375
1 0.446875 0.440625 0.03515625 0.021875
1 0.51484375 0.428125 0.040625 0.0296875
1 0.378125 0.4078125 0.03515625 0.02734375
1 0.35859375 0.38359375 0.0359375 0.01953125
1 0.4125 0.35859375 0.03359375 0.02578125
1 0.4484375 0.3828125 0.02578125 0.02734375
1 0.47734375 0.35625 0.02890625 0.02890625