1 0.2953125 0.4484375 0.034375 0.0328125
1 0.28828125 0.51015625 0.03125 0.03125
1 0.32890625 0.52265625 0.03046875 0.028125
1 0.30078125 0.55546875 0.0296875 0.03046875
1 0.41953125 0.62421875 0.034375 0.03203125
1 0.40078125 0.571875 0.03125 0.02578125
1 0.53828125 0.61328125 0.0359375 0.034375
1 0.6109375 0.525 0.03125 0.0328125
1 0.6828125 0.5453125 0.0421875 0.02109375
1 0.6890625 0.50234375 0.03828125 0.034375
1 0.40625 0.4875 0.03203125 0.03515625
1 0.42578125 0.428125 0.0328125 0.03046875
0 0.375 0.3875 0.03203125 0.03671875
0 0.503125 0.37265625 0.04453125 0.02890625
0 0.52578125 0.4390625 0.028125 0.0296875
0 0.4546875 0.46015625 0.04296875 0.025
0 0.484375 0.50859375 0.0265625 0.03125
0 0.453125 0.52578125 0.03203125 0.0328125
0 0.5984375 0.459375 0.03125 0.0328125
0 0.4515625 0.58359375 0.0390625 0.0375
0 0.5140625 0.5609375 0.02890625 0.03125