1 0.4109375 0.5703125 0.0546875 0.03515625
1 0.40546875 0.465625 0.05234375 0.03125
1 0.4875 0.45390625 0.040625 0.03046875
1 0.45859375 0.5234375 0.0515625 0.04609375
1 0.4953125 0.5609375 0.04609375 0.025
1 0.540625 0.64453125 0.053125 0.0265625
1 0.59140625 0.68984375 0.0484375 0.0390625
0 0.490625 0.68828125 0.046875 0.03125
0 0.64453125 0.63984375 0.04921875 0.02890625
0 0.55078125 0.37109375 0.0421875 0.03671875
0 0.625 0.35234375 0.04375 0.03359375
0 0.59296875 0.39921875 0.046875 0.02890625
1 0.54453125 0.48515625 0.05 0.0296875
1 0.61953125 0.46640625 0.0640625 0.0359375
1 0.6 0.5328125 0.05 0.02890625
1 0.66796875 0.5625 0.04453125 0.03046875
1 0.7609375 0.5421875 0.06328125 0.03125
1 0.70703125 0.4828125 0.0484375 0.0375
1 0.78515625 0.453125 0.04453125 0.040625
0 0.67265625 0.39609375 0.0546875 0.03671875
0 0.68984375 0.43046875 0.05078125 0.02734375