0 0.325 0.446875 0.03359375 0.03203125
0 0.3671875 0.453125 0.0375 0.0359375
1 0.4140625 0.38671875 0.02578125 0.0421875
1 0.3296875 0.58984375 0.028125 0.03203125
0 0.36953125 0.521875 0.03203125 0.0296875
0 0.425 0.52421875 0.04140625 0.03828125
0 0.37890625 0.5875 0.03046875 0.03984375
0 0.42578125 0.5921875 0.03046875 0.03203125
1 0.36640625 0.659375 0.0359375 0.03203125
0 0.40703125 0.725 0.03515625 0.03203125
0 0.46953125 0.48671875 0.03046875 0.0375
0 0.47578125 0.40234375 0.03828125 0.03515625
0 0.5171875 0.4359375 0.03828125 0.03828125
1 0.534375 0.51328125 0.0296875 0.04140625
0 0.5140625 0.58359375 0.02734375 0.046875
0 0.48671875 0.61328125 0.0359375 0.04296875
1 0.48515625 0.70703125 0.0390625 0.03984375
1 0.48984375 0.7796875 0.034375 0.0375
0 0.528125 0.67890625 0.0234375 0.04453125
1 0.5640625 0.62890625 0.03828125 0.0390625
0 0.5953125 0.56953125 0.02578125 0.04765625