1 0.46796875 0.33828125 0.06171875 0.046875
0 0.58203125 0.334375 0.0546875 0.03828125
1 0.52734375 0.39140625 0.0578125 0.03515625
0 0.4109375 0.3984375 0.05625 0.03359375
0 0.32421875 0.46875 0.0484375 0.02890625
0 0.39921875 0.4734375 0.0484375 0.02734375
0 0.27109375 0.51640625 0.059375 0.0296875
0 0.35703125 0.54375 0.059375 0.03671875
0 0.3453125 0.609375 0.053125 0.03359375
1 0.2703125 0.61171875 0.0453125 0.04375
0 0.396875 0.671875 0.059375 0.0359375
1 0.4765625 0.57578125 0.053125 0.034375
0 0.48515625 0.6671875 0.0546875 0.02890625
0 0.45390625 0.71875 0.05 0.0328125
0 0.534375 0.69765625 0.04375 0.0375
0 0.57734375 0.60546875 0.04296875 0.03203125
0 0.6078125 0.54453125 0.06796875 0.03515625
0 0.71796875 0.58515625 0.0546875 0.03984375
0 0.67265625 0.47265625 0.05859375 0.03984375
0 0.56953125 0.4828125 0.05078125 0.03359375
1 0.4765625 0.49296875 0.0625 0.03359375