0 0.52890625 0.296875 0.04609375 0.02578125
0 0.4203125 0.359375 0.0421875 0.0265625
1 0.58984375 0.359375 0.0359375 0.03203125
1 0.56328125 0.3875 0.02890625 0.02890625
1 0.52265625 0.3625 0.0390625 0.02578125
1 0.46484375 0.3875 0.03984375 0.02421875
1 0.48984375 0.41328125 0.0390625 0.02890625
0 0.415625 0.4515625 0.0515625 0.02890625
0 0.38515625 0.50234375 0.04296875 0.02421875
0 0.36953125 0.5546875 0.040625 0.02578125
0 0.453125 0.49609375 0.0296875 0.0296875
0 0.5 0.49375 0.03203125 0.03515625
0 0.559375 0.49453125 0.034375 0.0359375
1 0.56171875 0.44921875 0.03828125 0.02421875
1 0.63203125 0.43515625 0.04375 0.034375
1 0.63671875 0.48359375 0.03828125 0.02890625
1 0.65546875 0.6109375 0.0515625 0.0328125
1 0.459375 0.55234375 0.03515625 0.03671875
0 0.503125 0.5859375 0.04765625 0.0296875
0 0.5921875 0.53203125 0.03359375 0.034375
0 0.46484375 0.2640625 0.04296875 0.03359375