0 0.17734375 0.5203125 0.059375 0.075
0 0.240625 0.3875 0.06328125 0.11015625
0 0.33359375 0.33515625 0.05703125 0.08671875
1 0.3515625 0.23828125 0.053125 0.09296875
1 0.25625 0.68671875 0.05703125 0.1078125
0 0.30234375 0.54765625 0.07265625 0.0890625
0 0.3703125 0.453125 0.0484375 0.08359375
1 0.42734375 0.3109375 0.046875 0.084375
1 0.44296875 0.44296875 0.0609375 0.07890625
0 0.43046875 0.58359375 0.06484375 0.10078125
0 0.48515625 0.18984375 0.0609375 0.06171875
1 0.534375 0.35 0.05390625 0.1015625
0 0.584375 0.2390625 0.053125 0.08671875
0 0.33125 0.7109375 0.06875 0.08203125
1 0.46328125 0.765625 0.05078125 0.0890625
0 0.58046875 0.45859375 0.053125 0.08359375
0 0.58828125 0.5796875 0.0546875 0.0875
0 0.66484375 0.41953125 0.05 0.08125
0 0.7328125 0.5609375 0.0765625 0.07890625
1 0.66171875 0.6796875 0.04765625 0.07578125