0 0.29296875 0.5484375 0.04765625 0.0328125
1 0.3078125 0.46640625 0.03984375 0.0390625
1 0.32890625 0.51015625 0.04921875 0.0359375
1 0.37890625 0.39921875 0.05 0.0265625
0 0.459375 0.371875 0.03671875 0.034375
1 0.4453125 0.425 0.0546875 0.0265625
0 0.446875 0.46875 0.0375 0.0359375
1 0.44453125 0.52265625 0.0640625 0.0328125
1 0.375 0.57578125 0.0359375 0.03203125
1 0.41171875 0.61875 0.0578125 0.03125
0 0.49296875 0.65703125 0.04921875 0.028125
0 0.49609375 0.56328125 0.04375 0.0375
0 0.54609375 0.59140625 0.03828125 0.03671875
0 0.625 0.56171875 0.05078125 0.0359375
0 0.6390625 0.528125 0.059375 0.02734375
1 0.5828125 0.50234375 0.04921875 0.028125
1 0.5921875 0.45234375 0.05625 0.03203125
0 0.66328125 0.43046875 0.05 0.02890625
0 0.59375 0.40859375 0.040625 0.03828125
0 0.53046875 0.43046875 0.0390625 0.028125
1 0.5890625 0.33359375 0.0359375 0.03515625