1 0.384375 0.6390625 0.065625 0.04296875
1 0.2578125 0.48828125 0.05625 0.05625
1 0.396875 0.33046875 0.06484375 0.07109375
1 0.5828125 0.31328125 0.0578125 0.05625
1 0.55078125 0.4671875 0.04765625 0.0515625
0 0.2828125 0.3640625 0.05234375 0.05234375
0 0.3734375 0.44296875 0.0578125 0.06015625
0 0.48515625 0.43359375 0.05234375 0.04375
0 0.51796875 0.35859375 0.05 0.0546875
0 0.59921875 0.3828125 0.0609375 0.0515625
0 0.6921875 0.47578125 0.07421875 0.05859375
0 0.80546875 0.4453125 0.05859375 0.05703125
0 0.3078125 0.53671875 0.06171875 0.0640625
0 0.59921875 0.625 0.05859375 0.059375
0 0.46015625 0.53125 0.0875 0.0453125
0 0.76875 0.58671875 0.05703125 0.05703125
0 0.66640625 0.559375 0.06875 0.04765625
0 0.7421875 0.359375 0.05 0.05390625
0 0.75 0.7046875 0.0640625 0.0640625
1 0.6078125 0.7171875 0.07109375 0.0375