1 0.2140625 0.40859375 0.04609375 0.03671875
1 0.24921875 0.4984375 0.04296875 0.0265625
1 0.3125 0.53359375 0.05546875 0.03515625
1 0.48203125 0.6078125 0.04140625 0.034375
1 0.48515625 0.55078125 0.03984375 0.03046875
1 0.56484375 0.49609375 0.0484375 0.03359375
1 0.33359375 0.60078125 0.040625 0.03046875
1 0.23046875 0.59609375 0.04453125 0.034375
0 0.21640625 0.48203125 0.04375 0.04375
0 0.12890625 0.55546875 0.05625 0.02890625
0 0.16796875 0.67109375 0.04921875 0.03515625
0 0.33046875 0.675 0.040625 0.0390625
0 0.32265625 0.39921875 0.040625 0.0421875
0 0.39453125 0.38046875 0.03515625 0.0328125
0 0.3546875 0.4890625 0.0609375 0.02734375
0 0.3953125 0.44921875 0.040625 0.03515625
0 0.47109375 0.42421875 0.05859375 0.028125
0 0.534375 0.434375 0.04140625 0.0265625
0 0.4953125 0.48125 0.03984375 0.03828125
0 0.63671875 0.5015625 0.05390625 0.03046875
0 0.41015625 0.53046875 0.0484375 0.0296875