0 0.2828125 0.17890625 0.04453125 0.0703125
0 0.48984375 0.17421875 0.0453125 0.0703125
0 0.4015625 0.23515625 0.05390625 0.06640625
0 0.434375 0.39296875 0.03984375 0.07578125
0 0.3609375 0.590625 0.0390625 0.0625
0 0.21796875 0.48515625 0.04765625 0.0515625
0 0.49609375 0.5453125 0.04765625 0.04765625
1 0.35390625 0.34453125 0.04609375 0.0515625
1 0.25390625 0.31015625 0.04453125 0.065625
1 0.28203125 0.421875 0.03984375 0.0734375
1 0.3703125 0.47265625 0.0421875 0.05234375
1 0.43125 0.521875 0.05078125 0.0515625
1 0.50546875 0.43984375 0.046875 0.05234375
1 0.52890625 0.3390625 0.03984375 0.075
1 0.5859375 0.39296875 0.0390625 0.0546875
1 0.625 0.428125 0.0390625 0.06875
1 0.56484375 0.5234375 0.04375 0.06640625
1 0.62890625 0.6203125 0.03515625 0.059375
1 0.5359375 0.62421875 0.034375 0.05625
1 0.48828125 0.63515625 0.0390625 0.071875
1 0.54609375 0.68671875 0.04375 0.06015625