0 0.2328125 0.8625 0.0546875 0.0625
0 0.46015625 0.853125 0.06015625 0.0640625
0 0.47890625 0.7703125 0.078125 0.06015625
0 0.38671875 0.7734375 0.06015625 0.05625
0 0.296875 0.7703125 0.08984375 0.06015625
0 0.45390625 0.6796875 0.071875 0.06484375
0 0.24609375 0.5609375 0.05859375 0.07109375
0 0.43203125 0.51640625 0.06328125 0.04765625
0 0.2734375 0.3984375 0.06015625 0.05859375
0 0.40390625 0.42890625 0.06796875 0.06015625
0 0.465625 0.396875 0.08515625 0.0484375
0 0.76484375 0.4828125 0.0703125 0.0375
1 0.36171875 0.61171875 0.08359375 0.0515625
1 0.31796875 0.50546875 0.05703125 0.05390625
1 0.3828125 0.30859375 0.06171875 0.0546875
1 0.57578125 0.37734375 0.06796875 0.04765625
1 0.5375 0.4875 0.06796875 0.04765625
1 0.69140625 0.4875 0.0703125 0.0421875
0 0.634375 0.571875 0.06484375 0.04609375
0 0.5390625 0.55625 0.075 0.03984375
0 0.5828125 0.6484375 0.078125 0.04140625