1 0.27421875 0.31640625 0.06328125 0.071875
1 0.23046875 0.51640625 0.071875 0.0609375
0 0.23515625 0.7328125 0.0859375 0.084375
0 0.30859375 0.55703125 0.0734375 0.0828125
0 0.39921875 0.3796875 0.05625 0.1015625
1 0.37890625 0.18984375 0.0765625 0.0734375
0 0.51171875 0.25625 0.07265625 0.07421875
0 0.39375 0.5921875 0.05859375 0.08828125
1 0.3453125 0.7609375 0.06875 0.0890625
1 0.4671875 0.08984375 0.0703125 0.08203125
0 0.58515625 0.15078125 0.07109375 0.06640625
1 0.6046875 0.28515625 0.0828125 0.084375
0 0.5453125 0.39921875 0.06171875 0.0640625
0 0.6140625 0.41171875 0.06484375 0.05703125
0 0.5859375 0.51484375 0.06171875 0.06328125
0 0.47578125 0.49453125 0.06796875 0.07109375
0 0.50390625 0.64375 0.08046875 0.08046875
1 0.515625 0.7640625 0.05703125 0.09765625
1 0.646875 0.6765625 0.0625 0.08671875
1 0.66171875 0.48359375 0.07265625 0.08203125