0 0.17265625 0.41953125 0.0765625 0.0546875
0 0.2546875 0.5359375 0.08046875 0.0671875
0 0.1921875 0.68046875 0.06953125 0.05078125
0 0.58046875 0.7640625 0.05546875 0.06171875
0 0.70625 0.5828125 0.07578125 0.04921875
0 0.4546875 0.4921875 0.09296875 0.05390625
0 0.6484375 0.4078125 0.05234375 0.06171875
1 0.49453125 0.2390625 0.0890625 0.04921875
1 0.38203125 0.36796875 0.07890625 0.06171875
1 0.45234375 0.29453125 0.06328125 0.05546875
1 0.62109375 0.31640625 0.0875 0.05546875
1 0.74296875 0.23203125 0.07890625 0.04140625
1 0.39609375 0.590625 0.07109375 0.0625
1 0.3484375 0.71640625 0.08515625 0.04921875
1 0.4953125 0.6828125 0.084375 0.053125
1 0.559375 0.57265625 0.05703125 0.0515625
1 0.61875 0.490625 0.06796875 0.0609375
1 0.76328125 0.41796875 0.09140625 0.0515625
1 0.7515625 0.35546875 0.0703125 0.0453125
1 0.50703125 0.4 0.0640625 0.0578125
1 0.8375 0.3390625 0.08046875 0.05546875