1 0.5859375 0.13828125 0.0546875 0.08984375
1 0.4265625 0.20234375 0.05234375 0.1046875
1 0.68046875 0.284375 0.06640625 0.08203125
1 0.2984375 0.35078125 0.0765625 0.0984375
1 0.30390625 0.6875 0.06015625 0.11171875
1 0.1953125 0.60546875 0.06015625 0.11171875
1 0.4375 0.7828125 0.04765625 0.0953125
1 0.6109375 0.75390625 0.0421875 0.0953125
0 0.6109375 0.6359375 0.05390625 0.1046875
1 0.74375 0.4984375 0.0546875 0.1
0 0.76640625 0.6640625 0.06484375 0.11796875
0 0.6046875 0.50859375 0.0640625 0.0703125
0 0.44609375 0.58046875 0.0796875 0.08828125
0 0.50078125 0.43828125 0.05390625 0.09296875
0 0.5953125 0.346875 0.05390625 0.11015625
0 0.47578125 0.29140625 0.05625 0.08359375
0 0.403125 0.38671875 0.0484375 0.08671875
0 0.39140625 0.2984375 0.0578125 0.08984375
0 0.31328125 0.478125 0.0609375 0.103125
0 0.20390625 0.4296875 0.0546875 0.08671875