0 0.53359375 0.3484375 0.0546875 0.03046875
0 0.6515625 0.4125 0.05390625 0.0296875
0 0.41484375 0.46640625 0.0453125 0.02578125
0 0.528125 0.46328125 0.03203125 0.0296875
0 0.25078125 0.53671875 0.0421875 0.02578125
0 0.33203125 0.60546875 0.05390625 0.0265625
0 0.3875 0.590625 0.05 0.02578125
0 0.3125 0.63828125 0.04453125 0.0265625
1 0.359375 0.68359375 0.0375 0.0421875
1 0.46953125 0.3859375 0.04140625 0.02578125
1 0.46015625 0.45078125 0.04609375 0.0328125
1 0.60390625 0.771875 0.03828125 0.0328125
1 0.621875 0.63671875 0.04375 0.02734375
1 0.68984375 0.5171875 0.03359375 0.0328125
1 0.5640625 0.50390625 0.03984375 0.02890625
0 0.5265625 0.5578125 0.03125 0.0328125
0 0.49765625 0.62109375 0.0484375 0.03125
0 0.5203125 0.63984375 0.0453125 0.02265625
0 0.47421875 0.68515625 0.05078125 0.03046875
0 0.6796875 0.62890625 0.0453125 0.0265625
0 0.6765625 0.58984375 0.046875 0.03203125