0 0.23203125 0.578125 0.04609375 0.07109375
0 0.3265625 0.60546875 0.0515625 0.0796875
1 0.30390625 0.5 0.0640625 0.0734375
1 0.2421875 0.7296875 0.046875 0.08828125
1 0.34375 0.778125 0.05 0.0953125
1 0.44453125 0.65859375 0.0484375 0.09140625
1 0.38828125 0.52890625 0.0484375 0.0578125
1 0.3671875 0.4546875 0.05546875 0.06171875
1 0.39765625 0.353125 0.0453125 0.08515625
1 0.51484375 0.2875 0.0390625 0.08125
0 0.446875 0.4203125 0.0546875 0.0640625
0 0.55390625 0.44921875 0.04765625 0.090625
1 0.61875 0.38125 0.046875 0.06875
1 0.590625 0.5625 0.0453125 0.0828125
1 0.6921875 0.54765625 0.046875 0.08046875
1 0.5171875 0.7703125 0.04453125 0.07265625
1 0.4453125 0.6609375 0.0484375 0.0921875
1 0.45703125 0.8359375 0.05625 0.0671875
0 0.59453125 0.67890625 0.05078125 0.09140625
0 0.72421875 0.68203125 0.05390625 0.0921875
0 0.48359375 0.5359375 0.03828125 0.06953125