0 0.2890625 0.56328125 0.05390625 0.03203125
1 0.2984375 0.4046875 0.06015625 0.03671875
0 0.33359375 0.471875 0.05 0.04453125
1 0.375 0.4796875 0.04453125 0.034375
0 0.39140625 0.3671875 0.046875 0.04453125
0 0.44765625 0.32890625 0.0375 0.0359375
1 0.490625 0.2921875 0.0609375 0.03359375
1 0.64375 0.28984375 0.04765625 0.025
1 0.6015625 0.3265625 0.05 0.03046875
1 0.54296875 0.3375 0.04921875 0.04296875
0 0.48359375 0.3921875 0.0421875 0.0390625
0 0.596875 0.40078125 0.0421875 0.046875
0 0.66171875 0.41171875 0.0453125 0.04453125
0 0.7328125 0.37265625 0.0640625 0.03125
1 0.46640625 0.44296875 0.04375 0.0484375
0 0.5421875 0.46328125 0.06328125 0.03359375
1 0.5046875 0.546875 0.04765625 0.03359375
1 0.40625 0.571875 0.04765625 0.040625
1 0.646875 0.51328125 0.0609375 0.03359375
0 0.53984375 0.6171875 0.04375 0.046875
0 0.38984375 0.6578125 0.06484375 0.034375