0 0.2109375 0.440625 0.07265625 0.03828125
0 0.15859375 0.59375 0.065625 0.05390625
0 0.33515625 0.68203125 0.059375 0.0484375
0 0.37265625 0.4 0.06171875 0.0609375
1 0.4328125 0.309375 0.0578125 0.05703125
1 0.265625 0.5453125 0.06953125 0.04375
1 0.39375 0.53125 0.0609375 0.04765625
1 0.475 0.46171875 0.0609375 0.05703125
1 0.496875 0.57421875 0.0625 0.04765625
1 0.56640625 0.6828125 0.046875 0.0546875
0 0.58046875 0.36328125 0.0765625 0.0546875
0 0.534375 0.509375 0.0671875 0.04921875
0 0.61328125 0.46875 0.06015625 0.05078125
1 0.69453125 0.371875 0.0515625 0.04921875
1 0.77109375 0.3703125 0.07421875 0.05
0 0.74609375 0.4609375 0.05625 0.06015625
1 0.7078125 0.5453125 0.07265625 0.046875
0 0.728125 0.61328125 0.06875 0.05546875
0 0.80546875 0.51640625 0.05390625 0.04453125
0 0.8546875 0.6421875 0.07265625 0.05703125
1 0.9109375 0.4953125 0.06015625 0.046875