1 0.4953125 0.71015625 0.053125 0.0328125
1 0.5265625 0.66953125 0.05625 0.03125
1 0.58359375 0.7078125 0.05390625 0.03359375
1 0.3875 0.68515625 0.0515625 0.0359375
1 0.4828125 0.57890625 0.0609375 0.0359375
1 0.38359375 0.5484375 0.04921875 0.0390625
1 0.6328125 0.60234375 0.04375 0.03359375
1 0.73046875 0.5953125 0.05625 0.03359375
1 0.73125 0.4734375 0.0625 0.034375
1 0.5890625 0.38828125 0.05234375 0.03046875
1 0.63515625 0.32578125 0.034375 0.034375
1 0.56484375 0.315625 0.05859375 0.03359375
0 0.2984375 0.590625 0.0609375 0.0359375
0 0.30703125 0.46171875 0.04296875 0.04453125
0 0.42578125 0.453125 0.04921875 0.028125
0 0.4734375 0.38671875 0.05 0.0328125
0 0.534375 0.50703125 0.04609375 0.02578125
0 0.4453125 0.5265625 0.04609375 0.03984375
0 0.55859375 0.5421875 0.05625 0.0328125
0 0.66015625 0.55546875 0.059375 0.04140625
0 0.63203125 0.4859375 0.053125 0.0296875