0 0.43203125 0.22578125 0.0734375 0.046875
0 0.56484375 0.25390625 0.0625 0.03984375
0 0.421875 0.32265625 0.06171875 0.0359375
1 0.52109375 0.303125 0.0703125 0.03828125
1 0.409375 0.403125 0.0578125 0.03359375
0 0.2828125 0.415625 0.059375 0.05
1 0.5828125 0.384375 0.05625 0.03125
1 0.67109375 0.36328125 0.05859375 0.0390625
1 0.48046875 0.42265625 0.04765625 0.0296875
0 0.43203125 0.45234375 0.0484375 0.04140625
1 0.378125 0.48203125 0.06640625 0.03828125
0 0.32734375 0.53125 0.06640625 0.0375
1 0.48125 0.49375 0.07578125 0.03359375
0 0.534375 0.45078125 0.0609375 0.03203125
0 0.63046875 0.44609375 0.07109375 0.0390625
1 0.69921875 0.471875 0.06640625 0.03515625
1 0.61796875 0.49296875 0.04921875 0.03984375
0 0.51953125 0.5609375 0.0578125 0.0296875
0 0.57109375 0.58671875 0.053125 0.034375
0 0.45234375 0.6046875 0.059375 0.03125
0 0.5015625 0.6125 0.0453125 0.034375