0 0.41796875 0.37265625 0.0625 0.0546875
0 0.3734375 0.4640625 0.05546875 0.0484375
0 0.44765625 0.4984375 0.0625 0.04453125
0 0.5171875 0.453125 0.06171875 0.0484375
0 0.31640625 0.5703125 0.0515625 0.046875
0 0.409375 0.56171875 0.07265625 0.046875
0 0.60859375 0.55078125 0.07578125 0.04375
0 0.74140625 0.565625 0.05546875 0.059375
1 0.7 0.46953125 0.0734375 0.0390625
1 0.5328125 0.37734375 0.06484375 0.0359375
1 0.45546875 0.7046875 0.05859375 0.04765625
1 0.6109375 0.72265625 0.0734375 0.06015625
0 0.346875 0.64453125 0.04375 0.046875
0 0.4578125 0.646875 0.05703125 0.03984375
0 0.56640625 0.62421875 0.05546875 0.04296875
0 0.51953125 0.68046875 0.04609375 0.05
0 0.6609375 0.634375 0.05078125 0.053125
0 0.715625 0.71484375 0.046875 0.04453125
1 0.76953125 0.61484375 0.0671875 0.0453125
1 0.51640625 0.5859375 0.05234375 0.0578125