0 0.490625 0.328125 0.0296875 0.03828125
0 0.5140625 0.37421875 0.03203125 0.03984375
0 0.4765625 0.41875 0.02578125 0.0359375
1 0.41484375 0.41875 0.02421875 0.0390625
1 0.578125 0.38125 0.0265625 0.0421875
1 0.40234375 0.5 0.0265625 0.0453125
0 0.44609375 0.46875 0.025 0.0390625
0 0.47421875 0.51796875 0.02734375 0.0390625
0 0.39296875 0.575 0.02890625 0.0328125
0 0.43046875 0.61484375 0.03515625 0.034375
0 0.4984375 0.58515625 0.02890625 0.04921875
0 0.55625 0.49453125 0.03203125 0.03046875
0 0.6046875 0.453125 0.03359375 0.0421875
0 0.6109375 0.51328125 0.0296875 0.046875
0 0.58203125 0.6625 0.03046875 0.03515625
1 0.53359375 0.6703125 0.034375 0.0421875
1 0.41328125 0.68359375 0.0328125 0.03515625
1 0.54140625 0.58671875 0.03359375 0.0375
1 0.58046875 0.57421875 0.03359375 0.03515625
1 0.51328125 0.4671875 0.0359375 0.03984375
0 0.48671875 0.66328125 0.03046875 0.03203125