0 0.35546875 0.75234375 0.0625 0.03515625
0 0.303125 0.49609375 0.053125 0.0375
0 0.3953125 0.41171875 0.05859375 0.03515625
0 0.4421875 0.3484375 0.0734375 0.04140625
0 0.58359375 0.3421875 0.04765625 0.040625
1 0.52265625 0.4015625 0.0609375 0.0328125
1 0.365625 0.50859375 0.04921875 0.03359375
1 0.21328125 0.57734375 0.05078125 0.0484375
1 0.2453125 0.6453125 0.05234375 0.05
1 0.54921875 0.52421875 0.0546875 0.0359375
1 0.6796875 0.49921875 0.05078125 0.053125
1 0.47109375 0.60546875 0.0578125 0.03359375
0 0.3375 0.5734375 0.06015625 0.0484375
0 0.3265625 0.64140625 0.06015625 0.034375
0 0.446875 0.53046875 0.0703125 0.03984375
1 0.440625 0.7140625 0.0609375 0.03671875
1 0.47109375 0.778125 0.06015625 0.03515625
0 0.53203125 0.73515625 0.05078125 0.0421875
0 0.61171875 0.57109375 0.0703125 0.03984375
0 0.5796875 0.63671875 0.05 0.03515625
0 0.728125 0.61484375 0.06015625 0.03984375