1 0.68203125 0.57734375 0.01796875 0.03046875
1 0.67109375 0.6046875 0.01875 0.0328125
1 0.71171875 0.40390625 0.0171875 0.02421875
1 0.48984375 0.53203125 0.02578125 0.0296875
1 0.49140625 0.33125 0.02265625 0.03671875
1 0.58359375 0.41015625 0.0234375 0.0234375
1 0.60859375 0.3234375 0.0171875 0.03515625
0 0.38828125 0.590625 0.01796875 0.03515625
0 0.4375 0.5828125 0.02578125 0.03359375
0 0.51640625 0.63203125 0.01875 0.0359375
0 0.45 0.65390625 0.025 0.02890625
0 0.54609375 0.57109375 0.0171875 0.0359375
0 0.59453125 0.48984375 0.02265625 0.0296875
0 0.61640625 0.49609375 0.02265625 0.02734375
0 0.58046875 0.509375 0.021875 0.02109375
0 0.58125 0.54140625 0.015625 0.02890625
0 0.59140625 0.5578125 0.01875 0.025
0 0.61953125 0.540625 0.0203125 0.02734375
0 0.6328125 0.403125 0.0265625 0.02578125
0 0.6078125 0.3609375 0.01640625 0.0328125
0 0.62890625 0.321875 0.015625 0.03046875