1 0.45234375 0.33203125 0.0578125 0.034375
0 0.54296875 0.3390625 0.04453125 0.034375
0 0.3953125 0.36953125 0.0515625 0.0328125
1 0.4890625 0.37421875 0.0609375 0.03046875
0 0.3125 0.415625 0.05390625 0.03359375
0 0.3703125 0.42734375 0.05078125 0.0296875
1 0.43125 0.446875 0.06171875 0.03359375
0 0.5046875 0.4515625 0.05 0.0296875
0 0.58671875 0.45078125 0.06015625 0.03359375
0 0.25546875 0.44765625 0.05078125 0.0328125
0 0.31875 0.4796875 0.05546875 0.03671875
1 0.41328125 0.51484375 0.05 0.034375
0 0.48984375 0.55078125 0.046875 0.03125
0 0.52578125 0.50390625 0.07109375 0.0328125
0 0.60546875 0.5453125 0.0515625 0.03203125
1 0.234375 0.52421875 0.05625 0.03671875
0 0.2984375 0.528125 0.0515625 0.0328125
0 0.3265625 0.58515625 0.06171875 0.028125
0 0.40390625 0.59140625 0.0578125 0.02421875
0 0.43828125 0.625 0.04296875 0.040625
0 0.365625 0.63359375 0.053125 0.03515625