1 0.41640625 0.30234375 0.06640625 0.0421875
0 0.2828125 0.32109375 0.075 0.0671875
0 0.278125 0.4390625 0.06015625 0.05859375
0 0.43671875 0.39296875 0.06328125 0.0640625
1 0.63984375 0.36484375 0.06640625 0.05234375
1 0.7640625 0.50234375 0.0546875 0.06015625
0 0.70859375 0.4640625 0.03984375 0.05859375
0 0.5765625 0.4734375 0.08671875 0.0484375
0 0.66484375 0.55078125 0.05703125 0.05625
0 0.75078125 0.61875 0.0515625 0.04765625
0 0.5390625 0.63828125 0.05859375 0.05859375
0 0.3328125 0.6515625 0.06484375 0.04765625
1 0.65 0.65703125 0.06640625 0.06875
1 0.48203125 0.68359375 0.05703125 0.0546875
1 0.49609375 0.5390625 0.0546875 0.05625
1 0.3765625 0.46015625 0.0703125 0.05
0 0.3625 0.5375 0.075 0.0625
0 0.56328125 0.565625 0.05703125 0.05390625
0 0.4609375 0.62265625 0.06171875 0.05234375
0 0.26015625 0.57734375 0.06328125 0.0578125
0 0.36484375 0.5390625 0.0796875 0.0640625