1 0.521875 0.259375 0.0546875 0.0328125
0 0.61875 0.278125 0.03828125 0.034375
0 0.4546875 0.2984375 0.053125 0.03125
1 0.5546875 0.3109375 0.059375 0.03203125
0 0.35390625 0.3421875 0.04765625 0.03203125
0 0.4171875 0.35859375 0.05234375 0.02734375
0 0.290625 0.371875 0.06171875 0.0328125
0 0.3546875 0.4140625 0.0515625 0.04140625
1 0.478125 0.3875 0.059375 0.0296875
0 0.55703125 0.3984375 0.053125 0.02890625
0 0.64921875 0.40625 0.0640625 0.03203125
1 0.25390625 0.45234375 0.0546875 0.03828125
0 0.3203125 0.465625 0.04765625 0.03671875
1 0.44921875 0.459375 0.04921875 0.0390625
0 0.57109375 0.46015625 0.06640625 0.034375
0 0.6515625 0.51171875 0.0578125 0.034375
0 0.5234375 0.50703125 0.04140625 0.03046875
0 0.34296875 0.528125 0.0609375 0.0296875
0 0.421875 0.5421875 0.05234375 0.03125
0 0.45390625 0.57890625 0.04453125 0.040625
0 0.37265625 0.5828125 0.0546875 0.0296875