0 0.35625 0.596875 0.03671875 0.0359375
0 0.44453125 0.27734375 0.0359375 0.0421875
0 0.47890625 0.32734375 0.0390625 0.0484375
0 0.54765625 0.30703125 0.0359375 0.03984375
0 0.60859375 0.3890625 0.0453125 0.0421875
0 0.615625 0.478125 0.046875 0.0359375
0 0.53203125 0.56328125 0.03828125 0.03828125
0 0.446875 0.50703125 0.0328125 0.04296875
0 0.52734375 0.675 0.03984375 0.0453125
1 0.475 0.66484375 0.028125 0.0453125
1 0.39453125 0.7203125 0.0390625 0.0390625
1 0.40546875 0.61875 0.0453125 0.04453125
1 0.359375 0.50703125 0.0359375 0.05078125
1 0.3671875 0.40234375 0.02890625 0.04921875
1 0.4125 0.46015625 0.0375 0.04453125
1 0.4421875 0.39453125 0.0296875 0.05078125
1 0.4890625 0.43984375 0.04453125 0.0484375
1 0.5453125 0.4375 0.0421875 0.0453125
1 0.58203125 0.559375 0.040625 0.04296875
1 0.48359375 0.565625 0.0421875 0.0578125
0 0.59296875 0.66328125 0.03984375 0.03984375