0 0.52265625 0.81875 0.04609375 0.05078125
0 0.4078125 0.74921875 0.03515625 0.05703125
0 0.61328125 0.6921875 0.0375 0.0515625
0 0.5296875 0.49765625 0.0421875 0.046875
0 0.4515625 0.4296875 0.0265625 0.0546875
0 0.37109375 0.4453125 0.04140625 0.059375
0 0.3875 0.61171875 0.04296875 0.05546875
0 0.38984375 0.36328125 0.0296875 0.05
0 0.5390625 0.38203125 0.03125 0.05390625
0 0.590625 0.36328125 0.0328125 0.05546875
0 0.62578125 0.26796875 0.0390625 0.05546875
1 0.40234375 0.29375 0.0421875 0.05390625
1 0.5125 0.2 0.03515625 0.0453125
1 0.5015625 0.275 0.0296875 0.046875
1 0.465625 0.32734375 0.034375 0.06640625
1 0.32421875 0.54921875 0.04375 0.040625
1 0.4671875 0.50859375 0.034375 0.0671875
1 0.4203125 0.60390625 0.02734375 0.05390625
1 0.54921875 0.6234375 0.028125 0.0484375
1 0.63203125 0.50703125 0.04375 0.04140625
1 0.49375 0.70390625 0.03046875 0.05703125