0 0.26953125 0.28671875 0.0796875 0.06796875
1 0.2390625 0.37890625 0.08359375 0.05625
0 0.41171875 0.3546875 0.071875 0.0625
1 0.5359375 0.33984375 0.05703125 0.053125
1 0.6265625 0.33515625 0.08515625 0.03984375
1 0.35703125 0.4203125 0.0765625 0.05078125
1 0.2328125 0.5234375 0.0859375 0.04453125
0 0.33828125 0.51171875 0.06328125 0.06640625
0 0.459375 0.49140625 0.065625 0.0546875
1 0.55703125 0.43984375 0.071875 0.065625
1 0.7109375 0.41953125 0.06171875 0.06484375
1 0.3015625 0.63359375 0.0671875 0.0546875
0 0.44296875 0.58125 0.06953125 0.05625
1 0.5515625 0.54296875 0.07578125 0.0375
0 0.65078125 0.5296875 0.0609375 0.0640625
1 0.78671875 0.49453125 0.0734375 0.05546875
1 0.54375 0.6015625 0.0734375 0.05703125
1 0.4625 0.64453125 0.0609375 0.06171875
1 0.6296875 0.60234375 0.071875 0.06640625
0 0.73125 0.5890625 0.0609375 0.06015625