1 0.459375 0.33671875 0.04296875 0.034375
1 0.32734375 0.36328125 0.0390625 0.02890625
1 0.25234375 0.3890625 0.04609375 0.0234375
1 0.23515625 0.54140625 0.02890625 0.028125
1 0.3234375 0.503125 0.04609375 0.0265625
1 0.3546875 0.5328125 0.0421875 0.03359375
1 0.43515625 0.49140625 0.04609375 0.0265625
1 0.4015625 0.41875 0.040625 0.02890625
0 0.3375 0.40703125 0.03984375 0.0234375
0 0.184375 0.4359375 0.034375 0.0296875
0 0.16171875 0.51171875 0.0390625 0.03125
0 0.209375 0.48671875 0.03828125 0.0359375
0 0.265625 0.5921875 0.04140625 0.0375
0 0.33515625 0.62578125 0.04453125 0.02734375
0 0.39375 0.565625 0.03828125 0.03203125
0 0.45 0.56640625 0.04296875 0.03515625
0 0.5328125 0.4953125 0.04765625 0.0296875
0 0.46484375 0.46171875 0.03359375 0.0390625
0 0.51796875 0.428125 0.04140625 0.0265625
0 0.45546875 0.40625 0.03828125 0.03359375
0 0.31484375 0.44921875 0.0359375 0.03359375