1 0.48671875 0.35546875 0.03984375 0.0328125
1 0.384375 0.43203125 0.0421875 0.02578125
1 0.33046875 0.471875 0.04375 0.0234375
0 0.4140625 0.46484375 0.040625 0.0265625
1 0.48515625 0.453125 0.05078125 0.02578125
0 0.52734375 0.4203125 0.040625 0.0359375
0 0.59765625 0.41875 0.05 0.02421875
0 0.3015625 0.5546875 0.0453125 0.03203125
0 0.42734375 0.51640625 0.03984375 0.0359375
0 0.57578125 0.46953125 0.04296875 0.034375
1 0.63046875 0.48515625 0.05234375 0.03046875
1 0.5640625 0.50703125 0.046875 0.025
1 0.34453125 0.58984375 0.040625 0.0421875
0 0.32578125 0.63046875 0.0484375 0.02734375
1 0.46875 0.56171875 0.05390625 0.0265625
0 0.5203125 0.5890625 0.04609375 0.02890625
0 0.57734375 0.59609375 0.04609375 0.03515625
1 0.6359375 0.5625 0.04921875 0.034375
1 0.4140625 0.63125 0.034375 0.03125
0 0.47578125 0.66328125 0.06015625 0.0328125
0 0.565625 0.67265625 0.0375 0.03203125