1 0.4875 0.47734375 0.0375 0.0359375
1 0.63046875 0.48515625 0.0390625 0.04453125
1 0.51953125 0.62109375 0.03515625 0.04375
1 0.60078125 0.6265625 0.028125 0.046875
1 0.5328125 0.71953125 0.02734375 0.046875
1 0.42421875 0.5171875 0.03359375 0.053125
0 0.2609375 0.47890625 0.03515625 0.03671875
0 0.3203125 0.50546875 0.0328125 0.05390625
0 0.4484375 0.43671875 0.0421875 0.04140625
0 0.55703125 0.42578125 0.0359375 0.0390625
0 0.54765625 0.52109375 0.0421875 0.03984375
0 0.5796875 0.5578125 0.03203125 0.05390625
0 0.49296875 0.5484375 0.034375 0.04609375
0 0.475 0.62421875 0.028125 0.04375
0 0.325 0.56015625 0.03203125 0.03984375
0 0.3890625 0.58984375 0.040625 0.0390625
0 0.33671875 0.6171875 0.03515625 0.03984375
0 0.28515625 0.61796875 0.0421875 0.03828125
0 0.47265625 0.69140625 0.02421875 0.0453125
0 0.41875 0.6671875 0.0265625 0.05
0 0.54375 0.771875 0.0265625 0.04375