0 0.2078125 0.5828125 0.04921875 0.065625
0 0.3328125 0.48046875 0.05390625 0.07109375
0 0.36796875 0.653125 0.0671875 0.0609375
0 0.37109375 0.83828125 0.03984375 0.06640625
0 0.41796875 0.28515625 0.0515625 0.078125
1 0.359375 0.26015625 0.06015625 0.06328125
1 0.35 0.34765625 0.04609375 0.05703125
0 0.49140625 0.18359375 0.03359375 0.0625
1 0.42734375 0.42578125 0.0359375 0.0734375
1 0.53125 0.47109375 0.03828125 0.06796875
1 0.546875 0.27734375 0.0390625 0.0609375
0 0.4359375 0.53671875 0.0625 0.0640625
0 0.4640625 0.66171875 0.040625 0.07109375
0 0.484375 0.78984375 0.04609375 0.059375
1 0.5546875 0.6625 0.05703125 0.0625
1 0.5328125 0.57578125 0.0421875 0.05390625
1 0.61171875 0.559375 0.04765625 0.05859375
0 0.653125 0.265625 0.04140625 0.07421875
0 0.6015625 0.35390625 0.04296875 0.0765625
0 0.628125 0.7453125 0.040625 0.06484375
0 0.5125 0.378125 0.04453125 0.0765625