0 0.384375 0.23046875 0.04375 0.0828125
0 0.53046875 0.21875 0.05234375 0.07421875
1 0.3265625 0.34140625 0.05703125 0.0859375
0 0.3984375 0.3703125 0.0484375 0.0796875
0 0.34296875 0.4359375 0.0640625 0.0578125
0 0.4640625 0.45703125 0.0484375 0.07578125
0 0.5296875 0.33125 0.06796875 0.07421875
1 0.6671875 0.34921875 0.0484375 0.0875
1 0.7296875 0.575 0.04609375 0.07578125
1 0.64140625 0.51953125 0.0703125 0.075
0 0.58984375 0.41640625 0.046875 0.084375
0 0.7625 0.42578125 0.0828125 0.06484375
0 0.490625 0.6015625 0.0546875 0.09765625
0 0.375 0.6328125 0.06640625 0.0671875
1 0.571875 0.746875 0.053125 0.07734375
1 0.37421875 0.7734375 0.05625 0.08671875
0 0.440625 0.7625 0.06796875 0.06953125
0 0.31015625 0.87734375 0.046875 0.0765625
0 0.26171875 0.665625 0.05078125 0.071875
0 0.25546875 0.534375 0.05703125 0.10390625