0 0.38203125 0.21640625 0.07265625 0.04765625
0 0.55703125 0.26328125 0.0578125 0.05234375
1 0.43515625 0.3046875 0.05546875 0.05
0 0.27265625 0.32421875 0.06640625 0.04453125
1 0.36328125 0.37578125 0.05 0.04140625
1 0.54609375 0.3828125 0.0453125 0.05
0 0.5953125 0.37109375 0.07109375 0.04609375
1 0.2578125 0.47265625 0.07109375 0.03203125
0 0.396875 0.47265625 0.065625 0.040625
1 0.4859375 0.4609375 0.06328125 0.0578125
1 0.6828125 0.4203125 0.0703125 0.03984375
0 0.51171875 0.5203125 0.046875 0.046875
0 0.6265625 0.50390625 0.075 0.05234375
0 0.3984375 0.5640625 0.0609375 0.04375
0 0.32265625 0.58125 0.06640625 0.04765625
0 0.2796875 0.65625 0.065625 0.053125
1 0.4953125 0.6015625 0.0546875 0.06171875
1 0.4484375 0.64140625 0.053125 0.046875
0 0.603125 0.56640625 0.05234375 0.0453125
1 0.58828125 0.6234375 0.06796875 0.05078125
1 0.4390625 0.70078125 0.0578125 0.0453125