0 0.50078125 0.27265625 0.04296875 0.0703125
0 0.5875 0.2671875 0.04453125 0.05234375
0 0.4546875 0.35546875 0.05 0.0640625
1 0.54296875 0.38203125 0.04765625 0.059375
1 0.61875 0.359375 0.0546875 0.06796875
0 0.3984375 0.44296875 0.04140625 0.0484375
0 0.49140625 0.47265625 0.04609375 0.0671875
0 0.5921875 0.44921875 0.0421875 0.0453125
0 0.39375 0.6140625 0.03984375 0.0515625
0 0.44765625 0.615625 0.04765625 0.05390625
0 0.5125 0.62265625 0.0390625 0.05625
0 0.42109375 0.75625 0.05859375 0.0546875
1 0.50234375 0.7484375 0.04921875 0.05859375
1 0.62109375 0.7109375 0.04296875 0.0703125
1 0.7078125 0.64140625 0.04609375 0.05859375
1 0.6859375 0.48671875 0.04921875 0.05234375
0 0.64140625 0.446875 0.05078125 0.04609375
0 0.63671875 0.5234375 0.03984375 0.05703125
0 0.55859375 0.5359375 0.04609375 0.05390625
0 0.59609375 0.62890625 0.0578125 0.05546875