1 0.24296875 0.425 0.05078125 0.06328125
1 0.31015625 0.41953125 0.0453125 0.05546875
1 0.24609375 0.5828125 0.0671875 0.0578125
0 0.2640625 0.49453125 0.05 0.05078125
0 0.30859375 0.5203125 0.04140625 0.05234375
0 0.37265625 0.3640625 0.0546875 0.06875
0 0.37734375 0.278125 0.0453125 0.053125
0 0.29921875 0.3109375 0.046875 0.04375
1 0.5046875 0.321875 0.0421875 0.0671875
1 0.44296875 0.409375 0.0484375 0.05390625
0 0.37421875 0.47421875 0.0484375 0.05
0 0.40390625 0.5765625 0.04140625 0.08046875
1 0.32265625 0.61796875 0.0453125 0.0578125
0 0.23515625 0.6890625 0.046875 0.05703125
0 0.3109375 0.753125 0.0578125 0.05859375
0 0.38828125 0.7109375 0.05859375 0.05703125
1 0.4828125 0.6671875 0.0421875 0.06171875
0 0.54765625 0.51875 0.04921875 0.04609375
0 0.49453125 0.478125 0.05 0.059375
0 0.5796875 0.3765625 0.05859375 0.065625