0 0.2796875 0.28125 0.04921875 0.07578125
0 0.4046875 0.17421875 0.04453125 0.07109375
1 0.36953125 0.2984375 0.046875 0.0671875
0 0.51171875 0.2484375 0.06171875 0.0671875
1 0.6 0.21171875 0.05703125 0.0734375
0 0.31484375 0.47265625 0.05703125 0.059375
0 0.44140625 0.3609375 0.05546875 0.06875
1 0.525 0.39296875 0.05546875 0.06875
1 0.63125 0.36875 0.05546875 0.08125
1 0.46171875 0.47890625 0.05546875 0.05390625
1 0.4328125 0.60859375 0.05859375 0.0609375
1 0.51953125 0.53046875 0.059375 0.05078125
0 0.5828125 0.459375 0.0453125 0.06171875
1 0.6796875 0.421875 0.04140625 0.053125
1 0.71484375 0.465625 0.05546875 0.06796875
0 0.57578125 0.5625 0.05625 0.0546875
0 0.65078125 0.528125 0.05703125 0.06015625
1 0.5640625 0.640625 0.04296875 0.07890625
1 0.60703125 0.62578125 0.04453125 0.07109375
1 0.69921875 0.64609375 0.0515625 0.07265625
0 0.59375 0.73984375 0.05 0.0921875