0 0.24609375 0.3203125 0.0875 0.08515625
1 0.20859375 0.47265625 0.06796875 0.1234375
0 0.3265625 0.38671875 0.09453125 0.09140625
1 0.46875 0.37421875 0.09609375 0.07890625
0 0.3734375 0.5 0.06484375 0.1171875
0 0.25234375 0.63125 0.08828125 0.11640625
1 0.3671875 0.65625 0.06875 0.13984375
0 0.46796875 0.48671875 0.06015625 0.10078125
1 0.45703125 0.59140625 0.0703125 0.08984375
0 0.47421875 0.71171875 0.0625 0.10703125
0 0.63046875 0.3828125 0.06328125 0.1015625
1 0.609375 0.4765625 0.05859375 0.09296875
0 0.56875 0.6 0.05859375 0.09609375
1 0.69453125 0.55625 0.0703125 0.08828125
1 0.77265625 0.39375 0.06484375 0.08359375
0 0.85625 0.46171875 0.071875 0.11171875
0 0.8078125 0.57265625 0.06875 0.10546875
0 0.65859375 0.671875 0.0546875 0.10859375
0 0.74453125 0.69296875 0.0703125 0.109375
0 0.5515625 0.76796875 0.06875 0.11796875