1 0.27734375 0.51640625 0.04765625 0.0734375
1 0.28828125 0.43203125 0.04609375 0.046875
1 0.3671875 0.478125 0.0359375 0.06328125
1 0.459375 0.30703125 0.04140625 0.0765625
1 0.59765625 0.29296875 0.03984375 0.0703125
1 0.61328125 0.403125 0.0484375 0.05
1 0.7265625 0.440625 0.0359375 0.071875
1 0.72734375 0.44765625 0.03984375 0.075
1 0.734375 0.53828125 0.04140625 0.05703125
1 0.690625 0.5109375 0.0359375 0.05859375
1 0.7171875 0.66328125 0.04375 0.06640625
1 0.56875 0.6890625 0.0421875 0.0546875
1 0.596875 0.5703125 0.04140625 0.0703125
1 0.3671875 0.48046875 0.0421875 0.06796875
0 0.37578125 0.61484375 0.0359375 0.0703125
0 0.4578125 0.65859375 0.0359375 0.06328125
0 0.47578125 0.7953125 0.0515625 0.05703125
0 0.5390625 0.62265625 0.0484375 0.0515625
0 0.51171875 0.52421875 0.02890625 0.05859375
0 0.5484375 0.4953125 0.0359375 0.06328125
0 0.55625 0.37734375 0.04765625 0.075
0 0.48125 0.41484375 0.0296875 0.06328125
0 0.6203125 0.771875 0.03515625 0.0703125