0 0.41015625 0.36796875 0.04375 0.02578125
0 0.39453125 0.440625 0.03828125 0.02109375
0 0.2859375 0.5109375 0.04140625 0.03671875
0 0.31171875 0.60625 0.04609375 0.0265625
0 0.3984375 0.5453125 0.03359375 0.03203125
0 0.48203125 0.54453125 0.03984375 0.02265625
0 0.4078125 0.66640625 0.0484375 0.02734375
0 0.446875 0.67421875 0.0390625 0.02421875
0 0.50390625 0.653125 0.03515625 0.02578125
0 0.55546875 0.5421875 0.0484375 0.02734375
0 0.5109375 0.3921875 0.03203125 0.02265625
1 0.47578125 0.4296875 0.040625 0.02265625
1 0.38359375 0.5046875 0.0375 0.0203125
1 0.35703125 0.56640625 0.0375 0.0265625
1 0.43515625 0.578125 0.04765625 0.025
1 0.4390625 0.521875 0.03984375 0.021875
1 0.52265625 0.4921875 0.0390625 0.0234375
1 0.58984375 0.478125 0.04296875 0.028125
1 0.60859375 0.56484375 0.046875 0.02578125
1 0.54375 0.58046875 0.03046875 0.025
0 0.4640625 0.63203125 0.04453125 0.02421875