0 0.31484375 0.4109375 0.05703125 0.0546875
0 0.4625 0.42578125 0.0453125 0.046875
0 0.4328125 0.4765625 0.05703125 0.0453125
0 0.3953125 0.53671875 0.05546875 0.04453125
0 0.34375 0.61328125 0.053125 0.05546875
0 0.62734375 0.47734375 0.05078125 0.04765625
0 0.55234375 0.559375 0.0765625 0.046875
0 0.68515625 0.559375 0.05703125 0.05234375
0 0.74375 0.6265625 0.0609375 0.0515625
0 0.696875 0.70703125 0.046875 0.05234375
0 0.425 0.68359375 0.0484375 0.04296875
0 0.4546875 0.60078125 0.046875 0.0484375
0 0.5171875 0.6625 0.0453125 0.0421875
1 0.2796875 0.4953125 0.05703125 0.04453125
1 0.2578125 0.615625 0.0703125 0.04140625
1 0.28046875 0.7140625 0.06875 0.0359375
1 0.4375 0.7375 0.05390625 0.0515625
1 0.5875 0.71171875 0.0609375 0.05703125
1 0.60703125 0.634375 0.05625 0.046875
0 0.49765625 0.70703125 0.04921875 0.046875