0 0.5578125 0.2703125 0.06328125 0.05078125
0 0.421875 0.328125 0.05546875 0.0359375
0 0.296875 0.41015625 0.05703125 0.03359375
0 0.353125 0.43359375 0.04921875 0.0390625
0 0.41171875 0.46953125 0.059375 0.03359375
0 0.47734375 0.47578125 0.04765625 0.05546875
0 0.52578125 0.515625 0.0703125 0.040625
0 0.45546875 0.54296875 0.040625 0.04609375
0 0.44609375 0.67734375 0.06796875 0.0375
0 0.5703125 0.6 0.0546875 0.0515625
0 0.58984375 0.665625 0.04765625 0.03359375
0 0.67421875 0.42890625 0.05234375 0.04609375
1 0.4640625 0.38515625 0.06796875 0.04140625
1 0.6078125 0.39296875 0.0609375 0.04375
1 0.56640625 0.45 0.0484375 0.046875
1 0.6796875 0.50625 0.06484375 0.0421875
1 0.68359375 0.56640625 0.053125 0.034375
1 0.271875 0.46640625 0.06953125 0.0375
1 0.384375 0.53203125 0.05859375 0.04140625
1 0.49765625 0.60859375 0.06171875 0.0390625
1 0.521875 0.65 0.0578125 0.03515625