1 0.42890625 0.43671875 0.03125 0.0296875
1 0.50703125 0.51328125 0.03203125 0.040625
1 0.58515625 0.48828125 0.028125 0.046875
1 0.590625 0.6109375 0.03046875 0.04765625
1 0.6265625 0.58046875 0.0359375 0.0421875
1 0.44453125 0.58046875 0.028125 0.03828125
1 0.4625 0.6625 0.02109375 0.04765625
1 0.625 0.709375 0.03125 0.03203125
0 0.4984375 0.453125 0.03671875 0.0390625
0 0.52734375 0.390625 0.025 0.0421875
0 0.60078125 0.38359375 0.03125 0.04609375
0 0.6734375 0.48125 0.03515625 0.0484375
0 0.48828125 0.5765625 0.02109375 0.0421875
0 0.5328125 0.60859375 0.03359375 0.03359375
0 0.56171875 0.7296875 0.04140625 0.04296875
0 0.50625 0.74375 0.0359375 0.0328125
0 0.584375 0.784375 0.0359375 0.0390625
0 0.68359375 0.68984375 0.0421875 0.04375
0 0.728125 0.61875 0.025 0.0484375
1 0.66640625 0.5453125 0.03515625 0.0390625
0 0.55859375 0.4515625 0.04140625 0.03828125