1 0.33984375 0.34765625 0.0578125 0.08203125
1 0.2796875 0.53359375 0.07109375 0.08125
1 0.37578125 0.778125 0.0546875 0.084375
1 0.5296875 0.35078125 0.0671875 0.0765625
1 0.4671875 0.4796875 0.0546875 0.06328125
1 0.64453125 0.5296875 0.06484375 0.0765625
1 0.72890625 0.5859375 0.03984375 0.078125
0 0.43515625 0.2375 0.05859375 0.05234375
0 0.53828125 0.23359375 0.053125 0.0703125
0 0.40703125 0.378125 0.05 0.0796875
0 0.34921875 0.44296875 0.0640625 0.05703125
0 0.37421875 0.6359375 0.06796875 0.071875
0 0.40703125 0.51953125 0.0484375 0.071875
0 0.5921875 0.42578125 0.046875 0.084375
0 0.26484375 0.6703125 0.053125 0.0640625
0 0.43984375 0.76640625 0.06953125 0.0703125
0 0.7625 0.44140625 0.075 0.06796875
1 0.6703125 0.36484375 0.046875 0.0875
1 0.5703125 0.75546875 0.046875 0.08671875
0 0.49296875 0.60859375 0.04921875 0.09765625