0 0.43671875 0.28359375 0.0453125 0.05546875
0 0.29453125 0.4671875 0.04375 0.04140625
0 0.33046875 0.58125 0.0375 0.05546875
0 0.3640625 0.7328125 0.0375 0.05078125
0 0.4046875 0.4546875 0.03671875 0.06953125
0 0.403125 0.55625 0.040625 0.0421875
1 0.40546875 0.65 0.040625 0.06015625
1 0.459375 0.62109375 0.03203125 0.046875
1 0.475 0.703125 0.0328125 0.05625
0 0.50546875 0.40625 0.04296875 0.05703125
0 0.4765625 0.51953125 0.03359375 0.06171875
0 0.62265625 0.48515625 0.0453125 0.04921875
0 0.68515625 0.5546875 0.03984375 0.04375
0 0.64765625 0.7265625 0.04140625 0.05
0 0.5921875 0.68046875 0.0453125 0.04609375
0 0.575 0.5859375 0.0390625 0.04609375
1 0.521875 0.6140625 0.040625 0.046875
1 0.54140625 0.5046875 0.0390625 0.0390625
1 0.5828125 0.41875 0.03125 0.0515625
1 0.63671875 0.421875 0.03515625 0.06328125
1 0.63671875 0.621875 0.03828125 0.04375