1 0.57734375 0.31796875 0.03125 0.0328125
1 0.46015625 0.31640625 0.04140625 0.0421875
0 0.43984375 0.359375 0.025 0.0453125
0 0.40625 0.40546875 0.025 0.0484375
0 0.4875 0.384375 0.02578125 0.05
0 0.3421875 0.490625 0.025 0.0515625
0 0.328125 0.559375 0.0328125 0.03515625
0 0.4015625 0.4828125 0.02578125 0.0484375
0 0.42109375 0.52265625 0.03203125 0.0328125
0 0.44453125 0.5734375 0.0296875 0.0421875
0 0.4234375 0.63984375 0.03203125 0.0484375
0 0.4421875 0.70546875 0.03125 0.05234375
0 0.528125 0.7046875 0.0296875 0.0609375
0 0.5859375 0.65 0.0296875 0.05703125
0 0.49296875 0.6078125 0.03046875 0.0390625
0 0.4796875 0.4671875 0.0265625 0.05390625
0 0.45 0.45859375 0.02890625 0.05078125
0 0.559375 0.46171875 0.03515625 0.05
1 0.5078125 0.53671875 0.02734375 0.0453125
1 0.5484375 0.55 0.03203125 0.05
1 0.64296875 0.45078125 0.02265625 0.05078125