1 0.49921875 0.21171875 0.05859375 0.03671875
0 0.61171875 0.215625 0.05390625 0.0375
0 0.434375 0.26484375 0.05859375 0.03359375
1 0.54921875 0.26171875 0.06640625 0.03203125
1 0.396875 0.3515625 0.05625 0.03125
1 0.29765625 0.36953125 0.0703125 0.0375
1 0.47109375 0.38671875 0.0578125 0.03125
1 0.59375 0.35859375 0.05625 0.03046875
1 0.696875 0.35078125 0.06953125 0.03828125
1 0.259375 0.4671875 0.059375 0.04765625
1 0.34921875 0.44140625 0.04765625 0.04609375
1 0.44609375 0.4625 0.0703125 0.0375
1 0.5296875 0.44375 0.06484375 0.03671875
1 0.634375 0.40390625 0.05546875 0.05859375
1 0.59375 0.4828125 0.04453125 0.0359375
1 0.69140625 0.4734375 0.065625 0.03671875
0 0.3625 0.49765625 0.06796875 0.03203125
0 0.3765625 0.53671875 0.0703125 0.034375
0 0.46953125 0.53828125 0.0609375 0.0296875
0 0.428125 0.58828125 0.059375 0.0375
0 0.5125 0.57109375 0.053125 0.0421875