0 0.36640625 0.30078125 0.0765625 0.0390625
0 0.3140625 0.4015625 0.05859375 0.06015625
0 0.159375 0.4453125 0.075 0.0375
0 0.4546875 0.4734375 0.06328125 0.06015625
0 0.6265625 0.52890625 0.06328125 0.05
0 0.50859375 0.646875 0.06328125 0.04375
0 0.2890625 0.6734375 0.05859375 0.0453125
1 0.68046875 0.5859375 0.071875 0.04609375
1 0.7875 0.5828125 0.05859375 0.0546875
1 0.72734375 0.5515625 0.06484375 0.0390625
1 0.834375 0.48203125 0.06484375 0.04140625
1 0.6890625 0.46640625 0.078125 0.0453125
1 0.69453125 0.3640625 0.071875 0.0515625
1 0.62109375 0.36640625 0.0515625 0.06015625
1 0.52109375 0.375 0.078125 0.04765625
1 0.56015625 0.45390625 0.0703125 0.03984375
1 0.53828125 0.5546875 0.06328125 0.04375
1 0.44140625 0.56875 0.053125 0.0453125
1 0.33828125 0.503125 0.053125 0.05390625
1 0.2140625 0.54296875 0.075 0.04140625
1 0.3125 0.59375 0.06484375 0.05234375