1 0.53984375 0.2421875 0.0375 0.05859375
1 0.6140625 0.28984375 0.04140625 0.06328125
1 0.70078125 0.325 0.0390625 0.0703125
1 0.646875 0.540625 0.04609375 0.0515625
1 0.66796875 0.7421875 0.03359375 0.06484375
1 0.57109375 0.71796875 0.0421875 0.03984375
1 0.5453125 0.6078125 0.04765625 0.0453125
1 0.5265625 0.49140625 0.04375 0.03984375
0 0.53125 0.39140625 0.03515625 0.06015625
0 0.4546875 0.28359375 0.02890625 0.06328125
0 0.66953125 0.4453125 0.04375 0.05
0 0.70625 0.5078125 0.03984375 0.071875
0 0.6203125 0.65546875 0.0390625 0.0515625
0 0.50390625 0.8 0.04765625 0.05
0 0.54921875 0.834375 0.0390625 0.0515625
0 0.4125 0.63046875 0.0421875 0.0515625
0 0.3171875 0.66328125 0.03359375 0.06640625
0 0.3421875 0.47421875 0.0515625 0.0515625
0 0.4046875 0.39140625 0.02734375 0.06015625
0 0.4515625 0.39921875 0.0421875 0.0515625
0 0.4671875 0.51796875 0.05390625 0.053125