1 0.46328125 0.27578125 0.03125 0.04296875
1 0.4203125 0.40703125 0.03125 0.03046875
1 0.49375 0.40078125 0.03515625 0.0375
1 0.396875 0.471875 0.02890625 0.04140625
0 0.44921875 0.43671875 0.02734375 0.0390625
0 0.4765625 0.49609375 0.0296875 0.03984375
0 0.5140625 0.34609375 0.03046875 0.04765625
0 0.56171875 0.3203125 0.03359375 0.0390625
0 0.40390625 0.57890625 0.034375 0.03828125
0 0.446875 0.659375 0.03359375 0.034375
0 0.55234375 0.64921875 0.04140625 0.040625
1 0.503125 0.63203125 0.025 0.0359375
1 0.44609375 0.60546875 0.0296875 0.0515625
1 0.51796875 0.53515625 0.03984375 0.03828125
0 0.5609375 0.55234375 0.03515625 0.03828125
0 0.5640625 0.3953125 0.03515625 0.04453125
1 0.565625 0.44453125 0.03203125 0.0375
1 0.6046875 0.39375 0.03671875 0.04453125
1 0.63046875 0.4890625 0.040625 0.04140625
0 0.6015625 0.5453125 0.03203125 0.0421875
0 0.61484375 0.6359375 0.0265625 0.046875