1 0.3203125 0.4125 0.0390625 0.04453125
1 0.41953125 0.33125 0.04375 0.053125
1 0.28828125 0.475 0.0296875 0.05234375
1 0.553125 0.33359375 0.0359375 0.06015625
1 0.4578125 0.44765625 0.04296875 0.0484375
1 0.35234375 0.53828125 0.040625 0.0484375
1 0.29609375 0.60078125 0.03046875 0.05546875
1 0.36953125 0.59765625 0.03984375 0.04296875
0 0.4546875 0.53203125 0.0359375 0.05703125
1 0.54453125 0.475 0.040625 0.0421875
1 0.56640625 0.50234375 0.0296875 0.0484375
0 0.5359375 0.534375 0.040625 0.03984375
1 0.49921875 0.578125 0.0359375 0.04296875
1 0.4328125 0.625 0.02734375 0.05390625
1 0.47109375 0.6375 0.03203125 0.0484375
0 0.3828125 0.64921875 0.0390625 0.05390625
1 0.58671875 0.56171875 0.028125 0.05703125
1 0.66953125 0.53515625 0.03671875 0.04375
0 0.57421875 0.628125 0.0359375 0.04140625
0 0.5015625 0.69921875 0.04140625 0.0546875
1 0.43359375 0.79765625 0.03359375 0.046875