1 0.1078125 0.49609375 0.0484375 0.05078125
1 0.25 0.47109375 0.06171875 0.05234375
1 0.23359375 0.57734375 0.05 0.04453125
1 0.36796875 0.54140625 0.078125 0.0484375
0 0.24921875 0.4046875 0.04609375 0.0453125
0 0.25625 0.64921875 0.0734375 0.04453125
0 0.31796875 0.7296875 0.0625 0.05234375
0 0.40546875 0.60546875 0.0546875 0.05390625
0 0.41640625 0.478125 0.04921875 0.046875
1 0.446875 0.66484375 0.0515625 0.05625
1 0.45 0.42265625 0.0578125 0.04296875
1 0.36328125 0.3734375 0.05390625 0.04921875
1 0.4875 0.3515625 0.05546875 0.034375
1 0.54921875 0.43203125 0.05859375 0.03671875
1 0.5296875 0.50078125 0.05546875 0.0578125
1 0.57265625 0.5703125 0.0578125 0.04296875
0 0.57109375 0.67734375 0.05859375 0.05859375
0 0.67421875 0.63046875 0.0703125 0.053125
0 0.72578125 0.52421875 0.0546875 0.04609375
0 0.64765625 0.45078125 0.05546875 0.05078125
0 0.68515625 0.396875 0.0453125 0.04921875