0 0.32890625 0.3515625 0.03984375 0.02421875
0 0.45078125 0.3765625 0.03359375 0.0328125
0 0.3390625 0.41328125 0.02890625 0.02421875
0 0.4953125 0.421875 0.04453125 0.02109375
0 0.41015625 0.453125 0.0359375 0.03515625
0 0.49140625 0.45 0.03984375 0.025
0 0.56640625 0.46015625 0.0375 0.01796875
1 0.58984375 0.515625 0.0375 0.025
1 0.54921875 0.56796875 0.0421875 0.02890625
1 0.51875 0.62734375 0.053125 0.025
0 0.43515625 0.6015625 0.0390625 0.03359375
0 0.4875 0.50546875 0.0375 0.025
1 0.4203125 0.49609375 0.0296875 0.03203125
0 0.38671875 0.6234375 0.05078125 0.0265625
1 0.3703125 0.578125 0.03203125 0.0296875
0 0.28671875 0.55546875 0.04453125 0.02578125
1 0.2125 0.5828125 0.0453125 0.02421875
1 0.33359375 0.50078125 0.03203125 0.02890625
1 0.25 0.5140625 0.0265625 0.028125
0 0.196875 0.46171875 0.034375 0.0390625
0 0.1671875 0.48984375 0.0296875 0.02734375