0 0.4140625 0.3015625 0.0625 0.0421875
0 0.3828125 0.40859375 0.05546875 0.03515625
0 0.5515625 0.34453125 0.05234375 0.0359375
1 0.496875 0.3984375 0.053125 0.03515625
0 0.23125 0.5 0.05078125 0.04453125
0 0.26171875 0.62578125 0.06015625 0.03046875
1 0.3234375 0.57890625 0.05078125 0.0359375
0 0.38359375 0.71015625 0.05625 0.03203125
0 0.43125 0.72109375 0.04609375 0.03203125
0 0.46015625 0.67109375 0.0515625 0.02734375
0 0.51015625 0.70078125 0.04375 0.03671875
1 0.425 0.6 0.06171875 0.03359375
0 0.38203125 0.55078125 0.04140625 0.03828125
1 0.3625 0.496875 0.05 0.02890625
1 0.4375 0.525 0.05 0.028125
0 0.49453125 0.55625 0.0546875 0.03046875
1 0.5546875 0.490625 0.05625 0.0296875
1 0.653125 0.47734375 0.06171875 0.03515625
1 0.575 0.6109375 0.04375 0.03125
1 0.66796875 0.59609375 0.06015625 0.034375
0 0.596875 0.56328125 0.0640625 0.03671875