1 0.24921875 0.37734375 0.04140625 0.04921875
0 0.325 0.27109375 0.034375 0.05625
1 0.39765625 0.24609375 0.0390625 0.053125
0 0.375 0.2984375 0.04609375 0.04609375
0 0.31875 0.3453125 0.04921875 0.046875
1 0.47890625 0.253125 0.04140625 0.05546875
1 0.415625 0.31953125 0.0359375 0.05625
1 0.3515625 0.3953125 0.0359375 0.05390625
0 0.35625 0.4703125 0.0375 0.05
1 0.31953125 0.49296875 0.03515625 0.0515625
0 0.50859375 0.31953125 0.0421875 0.05234375
0 0.4953125 0.37734375 0.04140625 0.05078125
1 0.4640625 0.428125 0.0328125 0.06015625
0 0.41015625 0.46484375 0.05 0.04609375
1 0.3546875 0.553125 0.0296875 0.05546875
0 0.58515625 0.34453125 0.0375 0.0578125
0 0.56875 0.43515625 0.0421875 0.0671875
1 0.528125 0.49453125 0.0375 0.0390625
1 0.4796875 0.55859375 0.05078125 0.0453125
0 0.4375 0.5984375 0.04453125 0.0453125
0 0.52109375 0.58359375 0.034375 0.0578125