0 0.61015625 0.3515625 0.04765625 0.0296875
0 0.4890625 0.2875 0.05 0.03125
0 0.20859375 0.4796875 0.04296875 0.0265625
0 0.37265625 0.40859375 0.040625 0.0265625
1 0.41484375 0.39140625 0.0453125 0.03203125
1 0.4203125 0.3265625 0.0421875 0.028125
0 0.48203125 0.403125 0.0296875 0.0328125
1 0.5171875 0.44453125 0.03828125 0.0328125
1 0.64375 0.4515625 0.03203125 0.034375
1 0.575 0.5703125 0.040625 0.028125
1 0.559375 0.70234375 0.04296875 0.0328125
1 0.31484375 0.61796875 0.0390625 0.0421875
0 0.27109375 0.57578125 0.0390625 0.02890625
0 0.3421875 0.53046875 0.05 0.02734375
0 0.2890625 0.5453125 0.05 0.028125
0 0.48046875 0.49765625 0.034375 0.0328125
0 0.453125 0.55546875 0.05078125 0.034375
0 0.47890625 0.57734375 0.04765625 0.02578125
0 0.6296875 0.52421875 0.04453125 0.03125
0 0.6328125 0.56328125 0.04609375 0.0265625
0 0.43046875 0.6203125 0.04609375 0.03515625