0 0.20859375 0.4765625 0.04375 0.0484375
0 0.32109375 0.440625 0.03984375 0.0703125
0 0.36640625 0.32734375 0.04296875 0.0484375
0 0.41015625 0.53515625 0.034375 0.06875
0 0.2734375 0.7609375 0.03828125 0.04765625
0 0.42734375 0.74609375 0.03828125 0.04765625
0 0.51640625 0.6125 0.03671875 0.04765625
1 0.234375 0.59765625 0.04140625 0.04921875
1 0.32734375 0.55859375 0.0296875 0.059375
1 0.29921875 0.66484375 0.0390625 0.05859375
1 0.46015625 0.428125 0.0484375 0.053125
1 0.52421875 0.4296875 0.0328125 0.0484375
1 0.47890625 0.5203125 0.04140625 0.0421875
1 0.57265625 0.43046875 0.04296875 0.05625
1 0.56171875 0.54453125 0.04609375 0.053125
1 0.65234375 0.5765625 0.03671875 0.04609375
1 0.578125 0.6484375 0.0359375 0.0421875
1 0.54609375 0.68671875 0.0453125 0.0546875
1 0.61484375 0.6890625 0.0359375 0.0640625
1 0.45703125 0.63828125 0.04296875 0.05078125
1 0.3875 0.64765625 0.034375 0.05234375