0 0.26796875 0.24609375 0.0796875 0.06953125
1 0.40625 0.23046875 0.075 0.05078125
1 0.2546875 0.346875 0.0796875 0.05625
1 0.41328125 0.32109375 0.0671875 0.06953125
1 0.63828125 0.31015625 0.0734375 0.06484375
0 0.3546875 0.3953125 0.09609375 0.05546875
1 0.33125 0.471875 0.07890625 0.08203125
0 0.2203125 0.50546875 0.08046875 0.06484375
1 0.4703125 0.484375 0.075 0.06796875
0 0.5625 0.41484375 0.10234375 0.0515625
0 0.71328125 0.41171875 0.0765625 0.06875
1 0.75625 0.45859375 0.08203125 0.0625
0 0.5421875 0.51953125 0.07421875 0.05859375
0 0.65390625 0.50859375 0.06796875 0.06953125
0 0.28828125 0.59375 0.0703125 0.06171875
0 0.42734375 0.5703125 0.075 0.053125
0 0.5171875 0.59375 0.078125 0.0671875
1 0.63359375 0.61875 0.07734375 0.0765625
0 0.74375 0.5859375 0.08046875 0.0671875
1 0.44609375 0.63828125 0.07578125 0.06953125