0 0.37421875 0.54140625 0.0625 0.0328125
0 0.32109375 0.475 0.06484375 0.0359375
0 0.3328125 0.39140625 0.053125 0.03125
0 0.40546875 0.37265625 0.04921875 0.0296875
0 0.428125 0.44453125 0.03359375 0.03359375
0 0.49609375 0.28828125 0.03203125 0.03203125
0 0.47265625 0.3953125 0.04453125 0.02578125
0 0.565625 0.30390625 0.04765625 0.02734375
0 0.56796875 0.359375 0.0484375 0.02578125
0 0.52734375 0.375 0.03515625 0.03515625
1 0.59140625 0.6109375 0.05078125 0.02890625
1 0.7359375 0.54453125 0.0359375 0.0390625
1 0.73671875 0.42265625 0.0421875 0.0421875
1 0.4890625 0.503125 0.0546875 0.028125
1 0.50703125 0.459375 0.046875 0.0265625
0 0.5828125 0.5203125 0.05390625 0.03125
0 0.58359375 0.43671875 0.04296875 0.02734375
0 0.66484375 0.44921875 0.053125 0.0296875
0 0.64296875 0.36640625 0.0484375 0.0234375
0 0.6921875 0.39921875 0.046875 0.021875
0 0.59453125 0.40703125 0.0515625 0.02890625