1 0.3390625 0.5078125 0.03984375 0.03984375
1 0.39921875 0.478125 0.03046875 0.03046875
1 0.44921875 0.5109375 0.03359375 0.03125
1 0.51875 0.47109375 0.03046875 0.034375
1 0.578125 0.45703125 0.03671875 0.0390625
1 0.546875 0.515625 0.02890625 0.0578125
1 0.4453125 0.31640625 0.0375 0.0453125
1 0.4828125 0.371875 0.03515625 0.0328125
1 0.3265625 0.6171875 0.028125 0.04609375
1 0.378125 0.58046875 0.03203125 0.04375
1 0.4390625 0.59453125 0.03671875 0.03671875
1 0.4875 0.565625 0.03359375 0.0359375
1 0.53125 0.603125 0.025 0.0390625
1 0.5859375 0.5859375 0.03359375 0.0375
0 0.41171875 0.3828125 0.0359375 0.0328125
0 0.51640625 0.3125 0.03046875 0.03984375
0 0.39375 0.63984375 0.03359375 0.0296875
0 0.40625 0.6796875 0.034375 0.034375
0 0.46015625 0.67109375 0.03046875 0.0296875
0 0.4421875 0.728125 0.0328125 0.0359375
0 0.49140625 0.70390625 0.03125 0.03515625