0 0.453125 0.21171875 0.02734375 0.028125
0 0.4578125 0.2765625 0.01953125 0.03671875
0 0.39921875 0.29921875 0.0203125 0.03984375
0 0.4171875 0.39453125 0.02421875 0.028125
0 0.46875 0.4359375 0.03046875 0.03203125
0 0.49375 0.4875 0.0265625 0.0265625
0 0.48125 0.50546875 0.02265625 0.02421875
0 0.521875 0.4859375 0.01796875 0.03359375
0 0.540625 0.51015625 0.02890625 0.03125
0 0.53515625 0.5453125 0.02421875 0.03359375
0 0.49453125 0.54921875 0.02109375 0.028125
0 0.62109375 0.5671875 0.02421875 0.03828125
0 0.65703125 0.5203125 0.03125 0.0265625
1 0.61015625 0.4859375 0.021875 0.03359375
1 0.50234375 0.34921875 0.0234375 0.04375
1 0.67109375 0.34140625 0.03125 0.03203125
1 0.68828125 0.52109375 0.0328125 0.02734375
0 0.69296875 0.5546875 0.0234375 0.02734375
1 0.62578125 0.70078125 0.0234375 0.03515625
1 0.43984375 0.6390625 0.02890625 0.03125
1 0.465625 0.659375 0.028125 0.02578125