1 0.53125 0.34609375 0.0546875 0.03359375
1 0.63671875 0.39453125 0.05 0.03203125
1 0.64453125 0.52890625 0.0546875 0.03203125
1 0.54375 0.48125 0.04453125 0.03828125
1 0.50234375 0.5421875 0.04765625 0.0296875
1 0.58984375 0.540625 0.04453125 0.0375
1 0.575 0.6328125 0.06015625 0.04375
1 0.73125 0.57265625 0.04609375 0.04140625
1 0.478125 0.63359375 0.04765625 0.03984375
0 0.73203125 0.66328125 0.06875 0.034375
0 0.48984375 0.37890625 0.0328125 0.03203125
0 0.41171875 0.4 0.0515625 0.0359375
0 0.40390625 0.4625 0.06015625 0.034375
0 0.465625 0.503125 0.05625 0.03359375
0 0.41484375 0.56484375 0.04765625 0.0453125
0 0.61640625 0.4375 0.053125 0.0359375
0 0.69375 0.3703125 0.06015625 0.0359375
0 0.73828125 0.4453125 0.053125 0.0421875
0 0.77734375 0.53984375 0.053125 0.0453125
0 0.521875 0.71875 0.05625 0.03359375
0 0.653125 0.4796875 0.04765625 0.03359375