1 0.43125 0.36015625 0.0390625 0.040625
1 0.525 0.3984375 0.034375 0.03515625
0 0.48359375 0.43984375 0.0359375 0.03828125
1 0.3921875 0.47734375 0.03359375 0.03515625
0 0.45859375 0.4859375 0.03671875 0.03359375
1 0.52578125 0.45546875 0.0390625 0.03515625
0 0.57578125 0.44296875 0.03984375 0.04140625
0 0.52578125 0.51328125 0.03828125 0.03359375
1 0.41953125 0.5203125 0.034375 0.03359375
1 0.37421875 0.5515625 0.03203125 0.03828125
0 0.45 0.56328125 0.034375 0.0375
0 0.48203125 0.5984375 0.0359375 0.03515625
0 0.51953125 0.61015625 0.0359375 0.0390625
1 0.5625 0.59453125 0.0375 0.03203125
0 0.58828125 0.5578125 0.02890625 0.05234375
0 0.37734375 0.6328125 0.0359375 0.03984375
1 0.4203125 0.6765625 0.04140625 0.04140625
1 0.475 0.68203125 0.03046875 0.03828125
0 0.4234375 0.7203125 0.0390625 0.03671875
0 0.521875 0.703125 0.04453125 0.040625
1 0.5890625 0.66015625 0.04375 0.03828125