1 0.4671875 0.28046875 0.03203125 0.03671875
1 0.3734375 0.34921875 0.021875 0.04140625
1 0.3671875 0.48984375 0.02890625 0.0515625
0 0.4703125 0.378125 0.03515625 0.04375
0 0.4140625 0.459375 0.03203125 0.0359375
0 0.39609375 0.5171875 0.028125 0.03359375
0 0.47265625 0.47265625 0.0359375 0.0296875
0 0.46328125 0.50859375 0.03671875 0.03671875
0 0.425 0.55859375 0.0328125 0.03359375
0 0.47890625 0.6390625 0.03203125 0.03984375
0 0.52734375 0.6609375 0.02421875 0.0421875
0 0.5046875 0.5484375 0.02265625 0.04140625
0 0.540625 0.521875 0.0328125 0.03828125
0 0.56796875 0.46171875 0.0234375 0.040625
0 0.60078125 0.35390625 0.0390625 0.0359375
0 0.6328125 0.425 0.03984375 0.03671875
0 0.63046875 0.5265625 0.0390625 0.0421875
0 0.58515625 0.54765625 0.03515625 0.03984375
1 0.53046875 0.39375 0.0359375 0.03515625
1 0.51796875 0.44296875 0.03515625 0.040625
0 0.478125 0.56796875 0.02890625 0.03515625