0 0.27890625 0.46015625 0.03359375 0.053125
0 0.37734375 0.37734375 0.03671875 0.05859375
0 0.4125 0.34765625 0.03046875 0.059375
0 0.48515625 0.384375 0.0328125 0.05234375
0 0.57109375 0.35546875 0.0375 0.04375
0 0.49375 0.45390625 0.03125 0.05390625
0 0.30546875 0.5359375 0.0390625 0.04921875
0 0.36328125 0.56484375 0.0359375 0.03671875
0 0.35546875 0.68671875 0.028125 0.04375
0 0.6 0.628125 0.02890625 0.05625
0 0.44609375 0.5890625 0.03125 0.04453125
1 0.24375 0.62109375 0.03046875 0.05390625
1 0.34375 0.49296875 0.03359375 0.065625
1 0.390625 0.44609375 0.03359375 0.0515625
1 0.5859375 0.4640625 0.0296875 0.05625
1 0.57265625 0.53671875 0.03203125 0.04140625
1 0.490625 0.53359375 0.0453125 0.05546875
1 0.40859375 0.640625 0.03984375 0.046875
1 0.42890625 0.71875 0.03203125 0.0453125
1 0.525 0.70390625 0.0390625 0.04921875
1 0.54765625 0.6390625 0.046875 0.046875