1 0.53125 0.14375 0.03671875 0.0734375
1 0.45703125 0.2765625 0.0484375 0.06796875
1 0.63125 0.36171875 0.0453125 0.07109375
1 0.62421875 0.53515625 0.04609375 0.06640625
1 0.5578125 0.49296875 0.04921875 0.05078125
1 0.5015625 0.61953125 0.04609375 0.07421875
1 0.4296875 0.62890625 0.0375 0.06171875
1 0.32890625 0.45 0.04296875 0.06875
1 0.3734375 0.4171875 0.0390625 0.06875
0 0.596875 0.175 0.03984375 0.059375
0 0.5703125 0.24140625 0.03984375 0.0609375
0 0.290625 0.35546875 0.03671875 0.06875
0 0.4453125 0.3625 0.046875 0.0484375
0 0.53203125 0.31015625 0.0328125 0.06796875
0 0.5265625 0.38828125 0.05859375 0.05234375
0 0.484375 0.44609375 0.04140625 0.08203125
0 0.3875 0.50390625 0.0515625 0.05625
0 0.31015625 0.52734375 0.034375 0.0625
0 0.69140625 0.3140625 0.0328125 0.065625
0 0.5875 0.60703125 0.04453125 0.046875
0 0.75859375 0.4703125 0.0390625 0.06015625