1 0.3953125 0.5 0.0703125 0.0796875
0 0.4875 0.38203125 0.0671875 0.08359375
0 0.55546875 0.2734375 0.06171875 0.096875
0 0.6796875 0.28515625 0.07421875 0.0828125
0 0.37890625 0.71875 0.0578125 0.06796875
0 0.525 0.54765625 0.06484375 0.10234375
0 0.459375 0.734375 0.08125 0.08203125
0 0.39921875 0.928125 0.0890625 0.08671875
1 0.6046875 0.43125 0.07734375 0.0828125
1 0.71328125 0.409375 0.078125 0.0921875
0 0.66875 0.534375 0.0578125 0.06171875
0 0.73828125 0.53671875 0.071875 0.06328125
0 0.61484375 0.63984375 0.07421875 0.0734375
1 0.55546875 0.78203125 0.0734375 0.08046875
1 0.515625 0.940625 0.07421875 0.090625
0 0.66015625 0.7828125 0.08515625 0.09609375
1 0.7140625 0.6609375 0.07265625 0.06953125
1 0.796875 0.6046875 0.08671875 0.07890625
0 0.78125 0.7984375 0.0671875 0.07265625
0 0.6984375 0.90546875 0.07734375 0.078125