0 0.153125 0.34609375 0.0828125 0.084375
0 0.321875 0.39453125 0.0765625 0.07578125
1 0.4484375 0.35390625 0.0578125 0.0671875
1 0.5484375 0.3265625 0.08984375 0.05390625
0 0.1640625 0.4578125 0.08828125 0.06875
1 0.290625 0.47421875 0.084375 0.06171875
0 0.4984375 0.46015625 0.07421875 0.07265625
0 0.66796875 0.39921875 0.07890625 0.07734375
0 0.29375 0.56640625 0.08046875 0.078125
0 0.171875 0.596875 0.0875 0.05859375
1 0.4296875 0.52890625 0.07578125 0.06796875
0 0.64375 0.5359375 0.08828125 0.0796875
1 0.78671875 0.46796875 0.07265625 0.0765625
1 0.53984375 0.56640625 0.09296875 0.04765625
0 0.4265625 0.62890625 0.08671875 0.06328125
0 0.3328125 0.70078125 0.09609375 0.05390625
1 0.4703125 0.7015625 0.06796875 0.0734375
1 0.54921875 0.63359375 0.090625 0.0640625
1 0.64296875 0.61875 0.0953125 0.075
0 0.759375 0.584375 0.06875 0.07109375