0 0.0984375 0.36875 0.071875 0.0859375
1 0.1140625 0.48359375 0.07421875 0.06640625
0 0.190625 0.65078125 0.0609375 0.06796875
0 0.2953125 0.60390625 0.065625 0.0828125
1 0.275 0.5 0.084375 0.05390625
0 0.2890625 0.325 0.06640625 0.05390625
0 0.296875 0.40703125 0.07265625 0.0703125
1 0.50703125 0.31171875 0.0625 0.06640625
0 0.64609375 0.3921875 0.07890625 0.0609375
0 0.49453125 0.44453125 0.08515625 0.0609375
1 0.615625 0.51015625 0.07265625 0.0625
0 0.7640625 0.45078125 0.090625 0.05703125
0 0.77265625 0.56484375 0.0765625 0.0609375
1 0.65625 0.6109375 0.08671875 0.06953125
0 0.52890625 0.58046875 0.0625 0.059375
1 0.49375 0.709375 0.06640625 0.0703125
1 0.41953125 0.6390625 0.0609375 0.06484375
0 0.54453125 0.646875 0.06484375 0.06171875
0 0.415625 0.5421875 0.0578125 0.0703125
0 0.31015625 0.71640625 0.07734375 0.05546875