0 0.3046875 0.3234375 0.03203125 0.02890625
0 0.2953125 0.35546875 0.0328125 0.0328125
0 0.353125 0.346875 0.03984375 0.03046875
0 0.453125 0.3265625 0.0328125 0.0359375
0 0.42421875 0.3765625 0.0390625 0.03515625
0 0.3515625 0.39140625 0.03671875 0.03203125
0 0.2265625 0.425 0.04296875 0.0265625
0 0.25078125 0.4828125 0.04296875 0.02578125
0 0.390625 0.47734375 0.0390625 0.03359375
0 0.4859375 0.38359375 0.04296875 0.02734375
0 0.478125 0.41875 0.04375 0.02734375
0 0.5109375 0.46171875 0.02890625 0.03515625
0 0.46015625 0.46640625 0.046875 0.03203125
0 0.44375 0.50078125 0.0421875 0.02734375
0 0.40234375 0.52109375 0.0359375 0.03828125
0 0.4953125 0.58125 0.03671875 0.0359375
0 0.37421875 0.58828125 0.046875 0.03046875
1 0.3515625 0.51015625 0.03359375 0.02578125
1 0.590625 0.4609375 0.0421875 0.03515625
1 0.58671875 0.5328125 0.0359375 0.0328125
0 0.56015625 0.42890625 0.034375 0.0328125