1 0.48046875 0.315625 0.065625 0.0546875
0 0.609375 0.31171875 0.05546875 0.04453125
0 0.41875 0.3828125 0.065625 0.03671875
1 0.54609375 0.3734375 0.0640625 0.03828125
1 0.28515625 0.5109375 0.06796875 0.0375
1 0.39375 0.48203125 0.05546875 0.0375
1 0.609375 0.4765625 0.06171875 0.03671875
1 0.478125 0.5125 0.05546875 0.03515625
1 0.353125 0.58046875 0.05078125 0.04375
1 0.26171875 0.615625 0.0546875 0.04921875
1 0.46015625 0.59765625 0.07421875 0.04140625
1 0.5515625 0.5703125 0.0609375 0.03671875
1 0.62734375 0.6078125 0.0484375 0.04296875
1 0.659375 0.5203125 0.0546875 0.05859375
1 0.72109375 0.4609375 0.07421875 0.040625
1 0.73046875 0.59453125 0.06796875 0.03828125
0 0.378125 0.64140625 0.06015625 0.03203125
0 0.49921875 0.6765625 0.06015625 0.034375
0 0.4625 0.73046875 0.05703125 0.04453125
0 0.55078125 0.709375 0.059375 0.03984375
0 0.403125 0.6828125 0.07109375 0.04140625