1 0.18046875 0.3421875 0.078125 0.0484375
1 0.73203125 0.32265625 0.08359375 0.0421875
1 0.2953125 0.45234375 0.06328125 0.0453125
1 0.41015625 0.4734375 0.08671875 0.0453125
1 0.696875 0.50703125 0.0734375 0.04609375
1 0.665625 0.4265625 0.075 0.04375
1 0.4875 0.559375 0.06484375 0.04140625
1 0.34296875 0.59375 0.06328125 0.05234375
0 0.1734375 0.58203125 0.0703125 0.04375
0 0.31796875 0.71953125 0.0796875 0.04609375
0 0.5453125 0.66328125 0.053125 0.0609375
0 0.54296875 0.4328125 0.0765625 0.04140625
0 0.4375 0.39921875 0.09140625 0.04609375
0 0.2375 0.44375 0.06796875 0.0625
0 0.32109375 0.2828125 0.05859375 0.06015625
0 0.46171875 0.32578125 0.05703125 0.05625
0 0.40703125 0.22578125 0.053125 0.0515625
0 0.54921875 0.26015625 0.078125 0.05234375
0 0.6265625 0.33125 0.05703125 0.0578125
0 0.8375 0.29765625 0.08515625 0.0453125
0 0.6453125 0.24609375 0.0703125 0.0375