0 0.35 0.36953125 0.05 0.071875
1 0.32421875 0.575 0.0390625 0.06640625
0 0.27578125 0.49609375 0.04375 0.06796875
1 0.39140625 0.57421875 0.03828125 0.0546875
0 0.4140625 0.625 0.0375 0.053125
1 0.45703125 0.33515625 0.04453125 0.04375
0 0.53203125 0.35234375 0.04375 0.0609375
0 0.4078125 0.50390625 0.0453125 0.0515625
1 0.446875 0.46953125 0.04921875 0.0421875
0 0.503125 0.50625 0.040625 0.04921875
1 0.58203125 0.41171875 0.0421875 0.0609375
1 0.7109375 0.43125 0.03984375 0.05859375
0 0.5734375 0.35078125 0.034375 0.05859375
0 0.4890625 0.78671875 0.04140625 0.0640625
1 0.62890625 0.67109375 0.05234375 0.05859375
0 0.53671875 0.6390625 0.03359375 0.05546875
0 0.54921875 0.69765625 0.04140625 0.06484375
0 0.58671875 0.71640625 0.0328125 0.04609375
0 0.62734375 0.55390625 0.04375 0.05703125
0 0.56796875 0.53515625 0.0359375 0.0578125
0 0.5875 0.515625 0.03203125 0.05078125