0 0.50078125 0.3265625 0.0625 0.03203125
0 0.615625 0.315625 0.05390625 0.03125
1 0.57421875 0.36328125 0.0578125 0.03359375
0 0.4671875 0.37734375 0.05625 0.03359375
0 0.40390625 0.45234375 0.046875 0.0296875
1 0.45234375 0.459375 0.05703125 0.028125
1 0.6015625 0.4625 0.05078125 0.03203125
1 0.70546875 0.43359375 0.04921875 0.05
1 0.33125 0.52265625 0.05390625 0.04375
0 0.434375 0.5125 0.05859375 0.0390625
1 0.51875 0.4875 0.06484375 0.03125
1 0.3609375 0.57890625 0.05703125 0.046875
0 0.42890625 0.5703125 0.05625 0.03515625
1 0.54453125 0.53125 0.05390625 0.0359375
0 0.65859375 0.4953125 0.06640625 0.040625
1 0.74921875 0.521875 0.05859375 0.04453125
0 0.63828125 0.5515625 0.04609375 0.0328125
1 0.52578125 0.62265625 0.06328125 0.02890625
0 0.46484375 0.66171875 0.06796875 0.03515625
0 0.55390625 0.67890625 0.059375 0.03671875
0 0.60859375 0.63828125 0.05234375 0.040625