0 0.240625 0.48671875 0.05078125 0.03515625
0 0.36875 0.478125 0.05 0.03671875
0 0.40078125 0.36640625 0.0484375 0.02890625
0 0.33046875 0.59921875 0.03984375 0.03671875
1 0.3984375 0.5453125 0.04765625 0.03125
1 0.52109375 0.528125 0.04140625 0.0484375
1 0.525 0.4609375 0.0421875 0.028125
0 0.48828125 0.4375 0.0359375 0.0359375
1 0.4359375 0.32890625 0.06171875 0.03046875
1 0.54140625 0.3015625 0.04375 0.0296875
0 0.5828125 0.50078125 0.0421875 0.03515625
0 0.57734375 0.45078125 0.04140625 0.02734375
0 0.59296875 0.39609375 0.04765625 0.0296875
0 0.6546875 0.35546875 0.05078125 0.0390625
0 0.72109375 0.4546875 0.04140625 0.04140625
0 0.678125 0.5015625 0.0453125 0.04375
0 0.63203125 0.46484375 0.04140625 0.03046875
0 0.57421875 0.665625 0.05078125 0.02890625
1 0.6578125 0.6359375 0.0375 0.04140625
1 0.58515625 0.60234375 0.06171875 0.0328125
0 0.44453125 0.496875 0.0625 0.034375