0 0.40703125 0.32265625 0.04375 0.0546875
0 0.5078125 0.36015625 0.04765625 0.06640625
0 0.55546875 0.4484375 0.05390625 0.05703125
1 0.55390625 0.5609375 0.0421875 0.0546875
1 0.45 0.64765625 0.0453125 0.075
1 0.49140625 0.7640625 0.0421875 0.0515625
1 0.425 0.88984375 0.04765625 0.05703125
1 0.45078125 0.64921875 0.04140625 0.08515625
1 0.4015625 0.50546875 0.05625 0.05859375
1 0.490625 0.76328125 0.04375 0.05
1 0.42421875 0.89140625 0.04609375 0.05
1 0.33515625 0.5875 0.03984375 0.075
1 0.4609375 0.4578125 0.0421875 0.06484375
1 0.4015625 0.50546875 0.0578125 0.05859375
1 0.33203125 0.58515625 0.0390625 0.0703125
1 0.29453125 0.675 0.0515625 0.06015625
1 0.26328125 0.5625 0.0359375 0.05859375
1 0.33671875 0.49453125 0.0359375 0.0546875
0 0.61875 0.6703125 0.0421875 0.0703125
0 0.55390625 0.73203125 0.04765625 0.0703125
1 0.39453125 0.7609375 0.0484375 0.06796875
0 0.38828125 0.6125 0.0484375 0.05859375
0 0.2921875 0.37265625 0.0515625 0.0484375
0 0.3453125 0.40078125 0.05 0.05859375
0 0.33046875 0.77890625 0.04609375 0.04140625
0 0.503125 0.6046875 0.0515625 0.05703125