1 0.45234375 0.28359375 0.02578125 0.02421875
1 0.5125 0.27421875 0.025 0.0234375
1 0.54296875 0.29921875 0.01875 0.03125
1 0.5296875 0.41484375 0.0234375 0.0390625
1 0.5859375 0.38046875 0.025 0.0296875
1 0.59140625 0.49765625 0.02734375 0.03125
1 0.5171875 0.49140625 0.01953125 0.03515625
1 0.50390625 0.5125 0.0234375 0.025
1 0.471875 0.53125 0.028125 0.028125
1 0.48828125 0.60859375 0.02109375 0.0296875
1 0.35234375 0.396875 0.02265625 0.028125
1 0.4640625 0.45078125 0.021875 0.03515625
1 0.440625 0.39453125 0.0234375 0.0234375
1 0.453125 0.340625 0.01875 0.0328125
1 0.48203125 0.3265625 0.02265625 0.028125
1 0.43515625 0.42734375 0.02421875 0.02890625
0 0.4265625 0.35234375 0.02265625 0.03203125
0 0.4015625 0.45546875 0.0265625 0.03671875
0 0.48671875 0.41328125 0.02890625 0.028125
0 0.48671875 0.484375 0.01953125 0.0328125
0 0.43828125 0.521875 0.01953125 0.03203125