0 0.22109375 0.44765625 0.0390625 0.02265625
0 0.27890625 0.47265625 0.0578125 0.03203125
0 0.32734375 0.43359375 0.0359375 0.03984375
1 0.2578125 0.63046875 0.0484375 0.0359375
1 0.2265625 0.475 0.04453125 0.028125
1 0.31953125 0.3171875 0.04453125 0.0265625
1 0.34765625 0.503125 0.03125 0.0328125
1 0.51875 0.61953125 0.03984375 0.040625
0 0.459375 0.45078125 0.03359375 0.0328125
0 0.45078125 0.4765625 0.03984375 0.02578125
0 0.48046875 0.49921875 0.02890625 0.02890625
0 0.521875 0.4421875 0.04609375 0.0328125
0 0.54296875 0.48125 0.03671875 0.02734375
0 0.52265625 0.496875 0.0421875 0.025
0 0.56640625 0.54140625 0.04609375 0.02890625
0 0.65 0.57734375 0.046875 0.02421875
0 0.6828125 0.6625 0.03515625 0.034375
0 0.596875 0.74296875 0.04453125 0.02734375
0 0.58671875 0.68359375 0.03671875 0.03515625
1 0.56328125 0.34765625 0.040625 0.0296875
1 0.60390625 0.3640625 0.0453125 0.02578125