1 0.30703125 0.55078125 0.0453125 0.03671875
1 0.40859375 0.55390625 0.04921875 0.03984375
1 0.7390625 0.62578125 0.06015625 0.0375
1 0.49140625 0.46875 0.0515625 0.0328125
1 0.66796875 0.421875 0.0375 0.0328125
1 0.84375 0.4359375 0.04140625 0.034375
1 0.5 0.36640625 0.05234375 0.0296875
0 0.34609375 0.39140625 0.04609375 0.04453125
0 0.246875 0.49453125 0.04609375 0.0453125
0 0.42890625 0.49765625 0.04765625 0.02734375
0 0.6015625 0.37890625 0.04765625 0.03828125
0 0.65625 0.378125 0.05 0.03828125
0 0.5640625 0.496875 0.05546875 0.03125
0 0.6484375 0.51953125 0.04765625 0.04140625
0 0.67734375 0.5015625 0.0453125 0.0328125
0 0.7359375 0.5359375 0.04765625 0.0421875
0 0.43359375 0.58984375 0.04375 0.0375
0 0.615625 0.6078125 0.03203125 0.040625
0 0.63671875 0.653125 0.04140625 0.0453125
0 0.68359375 0.66484375 0.0375 0.0375
0 0.54609375 0.72109375 0.0375 0.04375