1 0.446875 0.203125 0.0796875 0.05703125
0 0.2984375 0.275 0.05859375 0.059375
0 0.22265625 0.43984375 0.0796875 0.06484375
1 0.31875 0.396875 0.05703125 0.06171875
1 0.328125 0.51015625 0.0921875 0.053125
0 0.4328125 0.42265625 0.0765625 0.05078125
0 0.434375 0.33203125 0.0703125 0.0609375
0 0.50859375 0.3046875 0.08671875 0.04609375
1 0.6296875 0.3015625 0.065625 0.05078125
1 0.5625 0.41640625 0.08125 0.046875
0 0.5359375 0.48359375 0.07734375 0.04140625
0 0.1171875 0.7578125 0.078125 0.0625
0 0.21484375 0.6703125 0.10859375 0.0578125
0 0.30703125 0.68984375 0.06171875 0.06171875
0 0.3640625 0.784375 0.06796875 0.071875
0 0.41171875 0.6984375 0.08828125 0.05859375
0 0.41484375 0.60234375 0.08359375 0.06171875
0 0.55625 0.590625 0.0796875 0.046875
0 0.634375 0.5203125 0.06640625 0.04375
1 0.7203125 0.43984375 0.06015625 0.05
0 0.8046875 0.44921875 0.0796875 0.03671875