0 0.36640625 0.171875 0.0640625 0.046875
0 0.54765625 0.2046875 0.0515625 0.0484375
0 0.27109375 0.29296875 0.0453125 0.04453125
0 0.4609375 0.3234375 0.04765625 0.046875
0 0.6015625 0.315625 0.07109375 0.04375
0 0.52109375 0.471875 0.0578125 0.03359375
0 0.53125 0.55859375 0.06953125 0.03984375
0 0.44140625 0.5234375 0.06015625 0.04140625
0 0.32890625 0.62890625 0.06015625 0.0484375
1 0.27421875 0.44375 0.0671875 0.034375
1 0.43359375 0.23984375 0.04921875 0.046875
1 0.703125 0.35 0.06328125 0.03828125
1 0.3953125 0.39609375 0.05546875 0.034375
1 0.51328125 0.39609375 0.0796875 0.03828125
1 0.41015625 0.46328125 0.04609375 0.0453125
1 0.42421875 0.58046875 0.05390625 0.034375
1 0.37265625 0.55703125 0.06015625 0.04375
1 0.4953125 0.66171875 0.04609375 0.040625
1 0.63515625 0.5703125 0.06171875 0.0484375
1 0.6265625 0.5234375 0.06015625 0.03359375
1 0.62578125 0.4546875 0.05234375 0.046875