0 0.465625 0.35546875 0.04140625 0.034375
0 0.54296875 0.346875 0.034375 0.034375
0 0.43828125 0.4109375 0.0359375 0.03515625
1 0.51015625 0.403125 0.03046875 0.034375
1 0.3421875 0.575 0.0296875 0.04453125
1 0.3578125 0.640625 0.02890625 0.046875
1 0.425 0.5078125 0.02734375 0.0359375
1 0.5234375 0.51953125 0.0296875 0.03515625
1 0.59296875 0.49375 0.02734375 0.053125
1 0.48203125 0.5984375 0.03359375 0.03359375
1 0.46484375 0.7015625 0.03046875 0.03125
1 0.4828125 0.76484375 0.0328125 0.04296875
0 0.39140625 0.4953125 0.025 0.03515625
0 0.41015625 0.5671875 0.034375 0.04375
0 0.403125 0.63515625 0.03359375 0.03515625
0 0.4203125 0.740625 0.03671875 0.034375
0 0.5171875 0.7234375 0.02890625 0.03828125
0 0.5390625 0.62734375 0.02890625 0.0375
0 0.4703125 0.5265625 0.03671875 0.03828125
0 0.55859375 0.5640625 0.0359375 0.0390625
0 0.62109375 0.60078125 0.0296875 0.0453125