1 0.2484375 0.67734375 0.03828125 0.04296875
1 0.20234375 0.48046875 0.04921875 0.034375
0 0.19296875 0.440625 0.05234375 0.0296875
0 0.2578125 0.384375 0.04296875 0.02578125
0 0.29609375 0.365625 0.04296875 0.0296875
1 0.35625 0.3375 0.046875 0.025
1 0.43671875 0.30390625 0.04375 0.028125
0 0.36484375 0.38125 0.046875 0.02421875
1 0.3125 0.42890625 0.04375 0.03359375
0 0.415625 0.43203125 0.04375 0.028125
0 0.48125 0.3875 0.040625 0.02734375
0 0.55625 0.37109375 0.04375 0.021875
0 0.36796875 0.46171875 0.03828125 0.0265625
1 0.3078125 0.5046875 0.03984375 0.02890625
0 0.38515625 0.5125 0.04375 0.0234375
0 0.428125 0.51953125 0.0421875 0.034375
0 0.53125 0.43515625 0.0421875 0.0265625
0 0.58125 0.4703125 0.03984375 0.02265625
1 0.54453125 0.515625 0.05859375 0.02734375
0 0.3203125 0.58125 0.05234375 0.03125
0 0.51875 0.6078125 0.0578125 0.03046875