1 0.3375 0.31640625 0.0515625 0.05
1 0.49453125 0.37265625 0.075 0.04375
1 0.41328125 0.4703125 0.05 0.05546875
0 0.2921875 0.4046875 0.05625 0.05703125
0 0.3140625 0.5171875 0.0609375 0.03671875
0 0.1390625 0.45234375 0.0671875 0.0359375
0 0.10546875 0.6 0.05859375 0.04609375
1 0.19765625 0.54375 0.059375 0.0375
0 0.28125 0.67265625 0.05703125 0.04296875
1 0.42265625 0.5625 0.046875 0.0421875
1 0.50078125 0.659375 0.046875 0.05078125
1 0.5203125 0.54453125 0.0640625 0.0421875
1 0.659375 0.571875 0.06484375 0.0453125
1 0.6921875 0.528125 0.046875 0.04453125
0 0.60078125 0.5171875 0.05390625 0.0484375
0 0.6453125 0.44140625 0.0484375 0.05703125
1 0.5890625 0.3625 0.0421875 0.0453125
1 0.659375 0.35546875 0.06875 0.04453125
1 0.80390625 0.4640625 0.05703125 0.0375
0 0.76796875 0.60625 0.0625 0.04453125
0 0.52109375 0.4578125 0.0546875 0.05703125