0 0.37734375 0.3140625 0.059375 0.0609375
0 0.32890625 0.40859375 0.06171875 0.0515625
0 0.4734375 0.40078125 0.0578125 0.0484375
0 0.4015625 0.44609375 0.059375 0.03984375
0 0.26796875 0.5140625 0.05390625 0.0421875
0 0.296875 0.58984375 0.05078125 0.0453125
1 0.3625 0.51015625 0.06953125 0.04609375
1 0.49453125 0.321875 0.06171875 0.0375
1 0.4734375 0.53515625 0.0515625 0.0484375
1 0.40234375 0.5859375 0.05625 0.04375
1 0.4015625 0.65 0.0640625 0.0453125
0 0.471875 0.634375 0.0515625 0.04609375
0 0.5546875 0.6703125 0.06484375 0.05390625
0 0.51875 0.57734375 0.05234375 0.03984375
0 0.61328125 0.5875 0.0515625 0.0546875
0 0.5625 0.5 0.0765625 0.0453125
0 0.6953125 0.51953125 0.05703125 0.05546875
1 0.65703125 0.4203125 0.06640625 0.05390625
1 0.71796875 0.56875 0.06796875 0.04921875
0 0.6625 0.6671875 0.05078125 0.046875