0 0.50546875 0.24296875 0.07109375 0.06875
1 0.371875 0.32265625 0.06484375 0.10078125
0 0.43984375 0.3828125 0.0625 0.10390625
0 0.3640625 0.4296875 0.07890625 0.0828125
1 0.2625 0.50859375 0.09140625 0.11328125
0 0.57734375 0.409375 0.06796875 0.11484375
0 0.6203125 0.28359375 0.0671875 0.09453125
0 0.21015625 0.6484375 0.06953125 0.08515625
0 0.40859375 0.54296875 0.0640625 0.09140625
1 0.48359375 0.52109375 0.06953125 0.08828125
0 0.34921875 0.659375 0.0859375 0.09453125
0 0.48671875 0.6734375 0.0765625 0.11015625
0 0.65390625 0.6453125 0.0671875 0.1125
0 0.63359375 0.515625 0.06171875 0.10859375
0 0.72109375 0.45703125 0.071875 0.09921875
1 0.3125 0.81796875 0.06796875 0.1265625
0 0.38671875 0.83125 0.08203125 0.09375
1 0.5390625 0.86796875 0.0609375 0.109375
1 0.74375 0.7375 0.0546875 0.115625
0 0.80546875 0.59609375 0.09453125 0.090625