1 0.503125 0.36796875 0.05625 0.03203125
1 0.62265625 0.36796875 0.0484375 0.02890625
1 0.5984375 0.59453125 0.0421875 0.0359375
0 0.73828125 0.56484375 0.040625 0.04765625
0 0.703125 0.4515625 0.06171875 0.03828125
0 0.45390625 0.725 0.04609375 0.0421875
0 0.55625 0.696875 0.0453125 0.03984375
0 0.540625 0.553125 0.04921875 0.0296875
0 0.615625 0.54140625 0.0671875 0.0359375
0 0.57734375 0.5015625 0.03984375 0.0375
0 0.32578125 0.6546875 0.05390625 0.0390625
0 0.27578125 0.64453125 0.0421875 0.03125
0 0.3171875 0.59453125 0.0609375 0.03828125
0 0.3921875 0.5984375 0.0484375 0.03671875
0 0.28203125 0.49921875 0.06640625 0.03203125
0 0.3640625 0.525 0.0609375 0.0390625
0 0.37578125 0.4640625 0.04375 0.034375
0 0.43515625 0.471875 0.0375 0.0328125
0 0.51484375 0.440625 0.053125 0.0296875
0 0.51484375 0.490625 0.04609375 0.04765625
0 0.45 0.3953125 0.04921875 0.03046875