1 0.20859375 0.29140625 0.08671875 0.06171875
1 0.41015625 0.25859375 0.0859375 0.05078125
1 0.49296875 0.20078125 0.05 0.05234375
1 0.5484375 0.1515625 0.09453125 0.06015625
1 0.784375 0.18359375 0.0734375 0.03984375
1 0.4359375 0.39765625 0.0875 0.06796875
1 0.54609375 0.48203125 0.06015625 0.0578125
1 0.6171875 0.4078125 0.06328125 0.05625
1 0.71484375 0.5234375 0.0828125 0.05234375
1 0.7671875 0.35546875 0.0859375 0.0484375
1 0.74921875 0.296875 0.071875 0.04296875
1 0.3046875 0.59296875 0.07578125 0.05
0 0.8921875 0.3265625 0.090625 0.04453125
0 0.61875 0.2421875 0.0703125 0.059375
0 0.525 0.325 0.06796875 0.05
0 0.65625 0.334375 0.0515625 0.065625
0 0.1421875 0.54140625 0.07890625 0.05078125
0 0.25 0.4046875 0.07265625 0.075
0 0.27265625 0.709375 0.09453125 0.05390625
0 0.525 0.66875 0.06484375 0.0640625
0 0.39296875 0.50234375 0.08125 0.04375