0 0.20234375 0.3984375 0.053125 0.05
0 0.1953125 0.540625 0.06796875 0.0375
1 0.28671875 0.4953125 0.0578125 0.0421875
1 0.39609375 0.53125 0.0671875 0.03828125
0 0.35703125 0.4734375 0.05 0.040625
0 0.3328125 0.3921875 0.05546875 0.03125
0 0.38828125 0.31640625 0.06015625 0.03828125
1 0.5140625 0.3171875 0.0609375 0.03515625
1 0.490625 0.23671875 0.06875 0.0375
1 0.56640625 0.25 0.040625 0.04140625
1 0.66640625 0.41640625 0.06875 0.03984375
0 0.56171875 0.4296875 0.06328125 0.03125
0 0.45390625 0.45234375 0.06015625 0.02734375
0 0.47890625 0.48984375 0.06171875 0.03359375
0 0.58984375 0.50390625 0.06953125 0.0453125
1 0.6625 0.54921875 0.06484375 0.03828125
1 0.55703125 0.55703125 0.04296875 0.03671875
1 0.50234375 0.6671875 0.059375 0.03671875
1 0.44375 0.628125 0.06640625 0.0328125
1 0.28984375 0.64375 0.065625 0.040625
1 0.40703125 0.6703125 0.0609375 0.03828125