0 0.478125 0.309375 0.034375 0.0390625
1 0.58359375 0.28203125 0.04453125 0.0375
0 0.41640625 0.38359375 0.04375 0.0390625
0 0.471875 0.3890625 0.0515625 0.0375
0 0.33203125 0.43671875 0.0671875 0.03515625
0 0.57265625 0.38671875 0.03984375 0.03828125
1 0.56875 0.4546875 0.0546875 0.0296875
0 0.48984375 0.47109375 0.06640625 0.034375
0 0.29453125 0.5703125 0.040625 0.040625
0 0.4171875 0.54765625 0.04921875 0.028125
1 0.6765625 0.31953125 0.04296875 0.03828125
1 0.78125 0.34609375 0.03828125 0.040625
0 0.74375 0.4265625 0.053125 0.03359375
1 0.71328125 0.4921875 0.05078125 0.02890625
0 0.78671875 0.47109375 0.04375 0.0453125
1 0.58671875 0.53984375 0.0515625 0.03359375
0 0.68515625 0.5765625 0.04375 0.0359375
1 0.6203125 0.6203125 0.046875 0.02734375
1 0.74375 0.64140625 0.03828125 0.040625
0 0.53515625 0.68125 0.06015625 0.034375
0 0.5875 0.70625 0.04765625 0.0296875