1 0.5109375 0.69609375 0.0359375 0.06171875
1 0.4921875 0.55078125 0.0453125 0.06328125
1 0.57265625 0.6 0.03203125 0.05546875
1 0.66875 0.45625 0.05 0.04375
1 0.61328125 0.3921875 0.04375 0.0375
1 0.30625 0.52421875 0.05546875 0.05
1 0.42109375 0.5828125 0.03125 0.0609375
1 0.60859375 0.25234375 0.05546875 0.05
0 0.52109375 0.20625 0.0421875 0.05234375
0 0.659375 0.171875 0.05078125 0.0640625
0 0.378125 0.30234375 0.0328125 0.06171875
0 0.471875 0.27265625 0.03984375 0.0734375
0 0.35703125 0.4015625 0.04609375 0.0734375
0 0.45390625 0.37734375 0.03359375 0.06484375
0 0.471875 0.4640625 0.0484375 0.05625
0 0.5484375 0.45234375 0.0484375 0.05
0 0.38359375 0.59375 0.05234375 0.05859375
0 0.41171875 0.753125 0.03515625 0.05859375
0 0.55078125 0.8234375 0.05 0.05703125
0 0.64609375 0.675 0.03671875 0.0546875
0 0.55078125 0.30703125 0.03828125 0.06171875