0 0.559375 0.20546875 0.03515625 0.03203125
0 0.57109375 0.24765625 0.03671875 0.0375
0 0.503125 0.2671875 0.03125 0.03046875
0 0.44296875 0.29140625 0.034375 0.03125
0 0.3265625 0.34921875 0.0390625 0.0296875
0 0.46015625 0.33828125 0.0328125 0.03203125
0 0.5765625 0.35625 0.0390625 0.02578125
0 0.66171875 0.34375 0.03828125 0.03828125
0 0.64296875 0.3921875 0.03671875 0.0390625
0 0.46328125 0.4 0.04140625 0.040625
0 0.5453125 0.49296875 0.04609375 0.0234375
0 0.415625 0.45390625 0.04140625 0.025
0 0.35703125 0.39453125 0.0453125 0.03203125
1 0.3703125 0.29453125 0.0375 0.0375
1 0.4234375 0.2421875 0.0296875 0.03125
1 0.3078125 0.4390625 0.04609375 0.028125
1 0.4765625 0.47578125 0.03828125 0.0359375
1 0.52109375 0.41953125 0.05 0.0265625
1 0.578125 0.4234375 0.046875 0.03203125
1 0.5328125 0.31640625 0.04609375 0.034375
1 0.653125 0.2796875 0.0359375 0.03203125