1 0.44375 0.3 0.06171875 0.04765625
1 0.52421875 0.33125 0.053125 0.04296875
1 0.64296875 0.384375 0.04609375 0.04921875
0 0.715625 0.40234375 0.07109375 0.03828125
0 0.52890625 0.384375 0.06171875 0.040625
0 0.4140625 0.43203125 0.06640625 0.04609375
0 0.325 0.46328125 0.07265625 0.04296875
0 0.54921875 0.4703125 0.0546875 0.04296875
0 0.45234375 0.5015625 0.065625 0.03671875
0 0.365625 0.53203125 0.065625 0.034375
0 0.39453125 0.60625 0.04921875 0.0453125
0 0.47890625 0.55 0.0484375 0.05078125
0 0.6 0.5140625 0.0578125 0.04453125
0 0.69453125 0.50625 0.05625 0.0328125
0 0.5640625 0.56640625 0.0640625 0.0375
0 0.68515625 0.55 0.0578125 0.03984375
0 0.77890625 0.5390625 0.06640625 0.04296875
1 0.575 0.621875 0.0640625 0.0453125
0 0.515625 0.65390625 0.0578125 0.05078125
0 0.596875 0.68203125 0.0609375 0.05
0 0.80390625 0.63828125 0.05703125 0.046875