1 0.4515625 0.21796875 0.03046875 0.03359375
0 0.55390625 0.25546875 0.03515625 0.03203125
0 0.48671875 0.31484375 0.0203125 0.0375
0 0.4515625 0.36875 0.0234375 0.02734375
1 0.4515625 0.43203125 0.03125 0.03203125
0 0.50859375 0.3609375 0.02109375 0.0390625
1 0.50390625 0.4203125 0.028125 0.025
1 0.47734375 0.5359375 0.02265625 0.0359375
1 0.4984375 0.5 0.0203125 0.034375
1 0.553125 0.4703125 0.025 0.0375
1 0.56953125 0.503125 0.02890625 0.02578125
1 0.52578125 0.53515625 0.0234375 0.03359375
0 0.5171875 0.6265625 0.03125 0.02734375
0 0.5640625 0.67890625 0.0203125 0.034375
0 0.6015625 0.546875 0.02890625 0.03515625
0 0.55078125 0.36484375 0.021875 0.04140625
0 0.58359375 0.3671875 0.0203125 0.03359375
0 0.60859375 0.4234375 0.03671875 0.03046875
1 0.58203125 0.29375 0.02578125 0.03984375
0 0.64375 0.296875 0.02734375 0.02265625
0 0.63203125 0.3609375 0.02890625 0.028125