0 0.46015625 0.29609375 0.040625 0.04296875
0 0.4890625 0.34765625 0.0375 0.05078125
0 0.55546875 0.33671875 0.03984375 0.03828125
1 0.3796875 0.40703125 0.03671875 0.05
0 0.44921875 0.4015625 0.03125 0.04765625
1 0.49296875 0.45546875 0.0484375 0.0453125
0 0.415625 0.4609375 0.03125 0.04921875
1 0.365625 0.5015625 0.03671875 0.0515625
0 0.44921875 0.51640625 0.034375 0.046875
0 0.60625 0.41796875 0.0453125 0.04609375
0 0.540625 0.48515625 0.04296875 0.0390625
0 0.609375 0.50546875 0.04921875 0.04140625
0 0.35546875 0.58828125 0.04140625 0.03984375
1 0.40390625 0.61484375 0.04765625 0.03984375
0 0.47890625 0.5921875 0.0328125 0.06328125
0 0.52578125 0.5765625 0.0421875 0.03984375
1 0.57109375 0.57734375 0.04296875 0.0375
1 0.38828125 0.71328125 0.04140625 0.0390625
0 0.46875 0.6828125 0.03203125 0.03828125
0 0.51484375 0.68203125 0.04140625 0.0453125
0 0.57734375 0.68046875 0.04140625 0.0453125