1 0.57109375 0.42734375 0.04453125 0.0296875
1 0.378125 0.51875 0.0578125 0.03046875
1 0.5828125 0.50078125 0.05625 0.0265625
0 0.6390625 0.5140625 0.0359375 0.02890625
1 0.528125 0.51484375 0.03984375 0.02734375
1 0.5046875 0.53125 0.04765625 0.0359375
1 0.471875 0.60625 0.040625 0.0359375
1 0.36953125 0.63125 0.04375 0.02890625
0 0.5546875 0.54375 0.03359375 0.03125
1 0.5890625 0.57890625 0.0453125 0.0328125
0 0.54296875 0.6125 0.05390625 0.03125
1 0.6328125 0.60546875 0.04375 0.03046875
0 0.690625 0.58046875 0.03828125 0.03203125
1 0.76796875 0.64453125 0.040625 0.03203125
1 0.61953125 0.63359375 0.04609375 0.021875
1 0.43125 0.71484375 0.04453125 0.03203125
1 0.53828125 0.69453125 0.0390625 0.0265625
1 0.58828125 0.684375 0.0390625 0.03046875
0 0.63515625 0.6765625 0.04140625 0.03203125
1 0.4765625 0.7421875 0.04609375 0.02421875
1 0.58359375 0.7390625 0.05078125 0.02578125