0 0.39140625 0.3375 0.034375 0.046875
0 0.515625 0.30078125 0.028125 0.04765625
0 0.478125 0.36796875 0.0296875 0.046875
0 0.41875 0.42890625 0.034375 0.0421875
1 0.31171875 0.49453125 0.03046875 0.04453125
1 0.3625 0.59375 0.0265625 0.0453125
1 0.4828125 0.63359375 0.0390625 0.04921875
1 0.57578125 0.62578125 0.02734375 0.04140625
1 0.5515625 0.753125 0.034375 0.046875
1 0.76875 0.66953125 0.040625 0.04140625
1 0.57734375 0.34140625 0.034375 0.0609375
0 0.47890625 0.509375 0.02890625 0.04296875
0 0.41953125 0.575 0.0265625 0.05
0 0.403125 0.6625 0.02890625 0.0359375
0 0.4296875 0.7078125 0.028125 0.03984375
0 0.5046875 0.771875 0.0328125 0.05234375
0 0.58359375 0.48359375 0.03671875 0.05
0 0.578125 0.5359375 0.02734375 0.0453125
0 0.66328125 0.59921875 0.0328125 0.05546875
0 0.68359375 0.3703125 0.03046875 0.053125
0 0.51953125 0.5609375 0.0296875 0.03671875