0 0.3875 0.22265625 0.0609375 0.05703125
0 0.26171875 0.271875 0.0671875 0.06953125
0 0.24296875 0.3703125 0.075 0.06796875
0 0.2140625 0.47578125 0.07734375 0.053125
0 0.36640625 0.44453125 0.08515625 0.059375
0 0.31328125 0.61953125 0.0625 0.053125
0 0.39375 0.58828125 0.0796875 0.05
0 0.48671875 0.5546875 0.05703125 0.0546875
0 0.4328125 0.70546875 0.0890625 0.0609375
0 0.60703125 0.51171875 0.08828125 0.05703125
0 0.50390625 0.37109375 0.06328125 0.04375
0 0.56953125 0.33984375 0.06796875 0.0578125
0 0.6046875 0.40625 0.06171875 0.05703125
0 0.5015625 0.45859375 0.071875 0.04921875
1 0.38828125 0.34453125 0.08203125 0.0578125
1 0.4875 0.28046875 0.06953125 0.07265625
1 0.54921875 0.65859375 0.08046875 0.046875
1 0.6875 0.56171875 0.07265625 0.0515625
1 0.76640625 0.46015625 0.07109375 0.04140625
1 0.65234375 0.34765625 0.075 0.05546875