1 0.43671875 0.36484375 0.0359375 0.04140625
0 0.53984375 0.3984375 0.0328125 0.0359375
0 0.4921875 0.42890625 0.03515625 0.04921875
0 0.3984375 0.4859375 0.034375 0.034375
0 0.475 0.4890625 0.0265625 0.0453125
1 0.521875 0.4671875 0.04140625 0.0421875
1 0.378125 0.56484375 0.03125 0.04296875
1 0.428125 0.54140625 0.0328125 0.046875
0 0.46015625 0.58203125 0.03203125 0.03828125
1 0.38828125 0.671875 0.0328125 0.04453125
1 0.49609375 0.63125 0.034375 0.04765625
1 0.428125 0.696875 0.028125 0.0546875
0 0.43515625 0.75390625 0.0390625 0.03359375
1 0.49453125 0.71875 0.02578125 0.0359375
1 0.540625 0.73046875 0.0390625 0.040625
1 0.54921875 0.5203125 0.03359375 0.04375
0 0.59296875 0.50390625 0.0375 0.0390625
0 0.61015625 0.5421875 0.04296875 0.03125
0 0.54609375 0.63125 0.0375 0.0390625
0 0.5890625 0.621875 0.034375 0.03671875
0 0.6078125 0.7140625 0.02578125 0.0453125