0 0.30078125 0.7515625 0.0953125 0.053125
0 0.17890625 0.634375 0.0640625 0.04921875
1 0.17734375 0.434375 0.0765625 0.040625
0 0.22734375 0.51875 0.06796875 0.06328125
1 0.2765625 0.52578125 0.06015625 0.0390625
0 0.29296875 0.38515625 0.06640625 0.05625
0 0.36328125 0.334375 0.0515625 0.0484375
1 0.4125 0.28671875 0.084375 0.04296875
1 0.6 0.28046875 0.06875 0.03984375
1 0.4828125 0.3453125 0.0625 0.0578125
1 0.5515625 0.328125 0.06484375 0.04453125
0 0.41171875 0.4109375 0.06015625 0.04609375
0 0.55234375 0.4203125 0.05390625 0.05390625
0 0.7171875 0.3796875 0.078125 0.0421875
1 0.39453125 0.4828125 0.06171875 0.06484375
0 0.4828125 0.4984375 0.0734375 0.04453125
1 0.61484375 0.5546875 0.07578125 0.0375
1 0.32734375 0.6421875 0.05 0.04921875
1 0.44609375 0.6078125 0.05859375 0.04296875
0 0.49453125 0.68828125 0.053125 0.05703125