0 0.33203125 0.18671875 0.04921875 0.09453125
0 0.30546875 0.3875 0.040625 0.0671875
0 0.3109375 0.5921875 0.0546875 0.05390625
0 0.3640625 0.57109375 0.03984375 0.071875
0 0.55546875 0.25546875 0.05546875 0.059375
1 0.37890625 0.41171875 0.0578125 0.06796875
1 0.34609375 0.68359375 0.0609375 0.07109375
1 0.47578125 0.653125 0.0671875 0.065625
0 0.43359375 0.5546875 0.04921875 0.0671875
1 0.48515625 0.2796875 0.06640625 0.06796875
1 0.51484375 0.38359375 0.04765625 0.07421875
0 0.48125 0.50234375 0.05546875 0.0765625
1 0.6375 0.340625 0.053125 0.090625
1 0.6984375 0.40546875 0.0609375 0.046875
0 0.5453125 0.4921875 0.0609375 0.0921875
0 0.53125 0.6015625 0.06015625 0.0515625
0 0.65546875 0.5515625 0.06171875 0.06875
0 0.7296875 0.6078125 0.04765625 0.0609375
1 0.61796875 0.63359375 0.053125 0.075
0 0.64609375 0.75390625 0.05625 0.07578125
1 0.671875 0.64921875 0.05546875 0.07578125