0 0.25703125 0.3015625 0.0703125 0.06484375
1 0.3890625 0.27578125 0.065625 0.04609375
1 0.40234375 0.36015625 0.0609375 0.0609375
1 0.259375 0.3984375 0.06875 0.05234375
0 0.24453125 0.55234375 0.06015625 0.053125
0 0.334375 0.51015625 0.06171875 0.065625
0 0.35703125 0.4328125 0.06875 0.05078125
0 0.35390625 0.65859375 0.0734375 0.040625
0 0.45 0.59609375 0.0578125 0.05546875
0 0.5328125 0.61328125 0.05859375 0.059375
1 0.4734375 0.6609375 0.05703125 0.0609375
0 0.471875 0.51328125 0.05859375 0.059375
1 0.47421875 0.66484375 0.0515625 0.06171875
0 0.6625 0.64296875 0.07421875 0.0578125
0 0.7578125 0.5875 0.04921875 0.05078125
0 0.65703125 0.51875 0.059375 0.06015625
1 0.76015625 0.465625 0.05859375 0.05859375
0 0.70859375 0.4265625 0.06015625 0.0578125
0 0.56171875 0.4421875 0.08515625 0.05078125
1 0.6140625 0.33359375 0.06328125 0.04609375
0 0.871875 0.48125 0.06015625 0.05546875