0 0.3078125 0.4359375 0.05546875 0.05625
0 0.41015625 0.50546875 0.0625 0.0578125
0 0.36875 0.60234375 0.0625 0.06328125
0 0.51640625 0.4828125 0.05625 0.04453125
0 0.53203125 0.4078125 0.0515625 0.05625
0 0.61875 0.42578125 0.05546875 0.053125
0 0.75390625 0.3921875 0.06328125 0.05078125
0 0.83203125 0.47109375 0.05234375 0.053125
0 0.71484375 0.58515625 0.06640625 0.05390625
0 0.81953125 0.7171875 0.07421875 0.065625
0 0.5109375 0.58125 0.08828125 0.0515625
1 0.3109375 0.5578125 0.0625 0.05859375
1 0.41640625 0.3921875 0.0609375 0.0703125
1 0.590625 0.36171875 0.053125 0.05390625
1 0.58984375 0.5125 0.0515625 0.05703125
1 0.72578125 0.51015625 0.065625 0.06171875
1 0.8125 0.621875 0.0640625 0.0546875
1 0.45625 0.690625 0.059375 0.04921875
1 0.6875 0.74375 0.0578125 0.040625
1 0.67109375 0.659375 0.0671875 0.06875