1 0.30703125 0.5921875 0.03359375 0.0484375
0 0.34140625 0.4546875 0.034375 0.05703125
0 0.38359375 0.3703125 0.0453125 0.059375
0 0.4875 0.35625 0.046875 0.0421875
0 0.36015625 0.52109375 0.040625 0.04921875
0 0.4 0.4546875 0.03515625 0.05390625
1 0.43984375 0.44921875 0.04296875 0.0484375
1 0.40546875 0.54609375 0.03515625 0.05703125
1 0.40859375 0.65390625 0.0265625 0.04765625
0 0.43359375 0.60390625 0.03125 0.0421875
0 0.4765625 0.5734375 0.0328125 0.0484375
1 0.5171875 0.4 0.02578125 0.05625
1 0.51484375 0.46015625 0.03125 0.05546875
1 0.509375 0.5140625 0.0328125 0.05546875
0 0.59140625 0.38125 0.0421875 0.040625
0 0.60234375 0.46171875 0.03125 0.0609375
1 0.58203125 0.53203125 0.028125 0.03984375
0 0.603125 0.61328125 0.0265625 0.04921875
0 0.56171875 0.60859375 0.040625 0.0421875
1 0.471875 0.67890625 0.03359375 0.0421875
0 0.53984375 0.67265625 0.0375 0.0421875