0 0.6390625 0.25 0.025 0.03984375
0 0.57578125 0.29609375 0.0265625 0.04609375
0 0.48125 0.31875 0.01796875 0.040625
0 0.453125 0.34296875 0.02578125 0.03125
0 0.49140625 0.35546875 0.025 0.025
0 0.459375 0.37421875 0.02265625 0.03203125
0 0.4375 0.38359375 0.01953125 0.0296875
0 0.41484375 0.396875 0.02265625 0.02421875
0 0.4515625 0.40390625 0.02734375 0.025
0 0.43984375 0.459375 0.02890625 0.025
0 0.4828125 0.421875 0.025 0.025
0 0.5078125 0.42265625 0.0203125 0.03203125
0 0.52890625 0.38828125 0.028125 0.03125
0 0.59765625 0.45390625 0.0296875 0.0234375
0 0.68125 0.48125 0.02265625 0.0328125
0 0.49296875 0.5234375 0.028125 0.0265625
0 0.534375 0.53828125 0.01875 0.0328125
0 0.61796875 0.6609375 0.025 0.0375
1 0.59765625 0.35625 0.0234375 0.02421875
1 0.396875 0.52890625 0.02265625 0.0421875
1 0.55390625 0.47421875 0.03125 0.0296875