1 0.271875 0.32578125 0.03203125 0.02578125
1 0.4453125 0.2859375 0.02890625 0.0296875
1 0.49453125 0.27734375 0.034375 0.02421875
1 0.55 0.23125 0.03828125 0.0203125
1 0.59765625 0.25859375 0.0296875 0.02734375
1 0.44921875 0.23046875 0.03828125 0.02109375
1 0.41796875 0.33515625 0.03828125 0.01953125
1 0.44921875 0.38984375 0.03515625 0.02734375
1 0.65703125 0.3375 0.03828125 0.02578125
1 0.559375 0.36328125 0.0359375 0.03359375
1 0.40390625 0.36484375 0.0359375 0.028125
0 0.49140625 0.3578125 0.0453125 0.0234375
0 0.4 0.29375 0.03671875 0.03046875
1 0.65078125 0.4484375 0.0453125 0.0265625
1 0.53046875 0.4359375 0.0328125 0.0296875
1 0.50703125 0.4515625 0.0359375 0.0234375
1 0.4546875 0.46484375 0.046875 0.02265625
1 0.4703125 0.53828125 0.02890625 0.025
0 0.48203125 0.425 0.0328125 0.0296875
0 0.39921875 0.453125 0.03203125 0.02578125
0 0.34609375 0.3875 0.0375 0.0328125