1 0.5625 0.38125 0.05234375 0.05
0 0.41640625 0.41328125 0.05546875 0.05234375
1 0.3203125 0.4375 0.0625 0.03125
1 0.2265625 0.51171875 0.053125 0.05078125
1 0.3890625 0.46875 0.0609375 0.03984375
0 0.48671875 0.484375 0.05546875 0.0359375
0 0.55625 0.46328125 0.0515625 0.04609375
0 0.38984375 0.5203125 0.04375 0.04609375
1 0.24375 0.56015625 0.0671875 0.04140625
0 0.2 0.60546875 0.05625 0.04140625
1 0.378125 0.5828125 0.0765625 0.04140625
1 0.290625 0.6390625 0.04609375 0.04140625
1 0.553125 0.51328125 0.0640625 0.0359375
0 0.63203125 0.48984375 0.0578125 0.0375
0 0.43359375 0.6328125 0.06015625 0.04609375
1 0.3265625 0.69296875 0.06953125 0.03515625
1 0.53828125 0.56875 0.0671875 0.034375
0 0.41796875 0.74609375 0.06015625 0.040625
0 0.58359375 0.63984375 0.06875 0.04921875
0 0.59921875 0.6015625 0.07421875 0.03515625
0 0.4859375 0.66796875 0.05234375 0.04921875