1 0.3921875 0.36953125 0.0359375 0.0359375
1 0.48984375 0.32421875 0.034375 0.03515625
1 0.51875 0.37265625 0.03203125 0.04609375
1 0.40625 0.50625 0.03046875 0.0390625
1 0.428125 0.5875 0.0203125 0.0453125
1 0.5328125 0.6671875 0.028125 0.0515625
1 0.584375 0.6265625 0.0296875 0.0328125
1 0.68203125 0.50390625 0.03359375 0.04375
1 0.621875 0.4625 0.0328125 0.04453125
0 0.47265625 0.39296875 0.03515625 0.040625
1 0.4546875 0.52421875 0.03046875 0.03046875
0 0.4734375 0.45625 0.02890625 0.04140625
0 0.546875 0.42578125 0.0328125 0.03984375
0 0.56171875 0.31328125 0.034375 0.0484375
0 0.62890625 0.4078125 0.0359375 0.04765625
0 0.5015625 0.53359375 0.034375 0.03984375
0 0.54609375 0.540625 0.03828125 0.03359375
0 0.5890625 0.51640625 0.03828125 0.034375
0 0.640625 0.6015625 0.04296875 0.0421875
0 0.46953125 0.6625 0.0328125 0.03984375
0 0.5546875 0.70390625 0.02578125 0.0453125