0 0.6640625 0.37890625 0.0546875 0.040625
1 0.50859375 0.3828125 0.04453125 0.03671875
1 0.43203125 0.425 0.0421875 0.04453125
0 0.36640625 0.47265625 0.05 0.0390625
1 0.303125 0.56328125 0.05078125 0.040625
1 0.38203125 0.55625 0.04765625 0.04609375
0 0.509375 0.4390625 0.04609375 0.0375
0 0.58125 0.42734375 0.04453125 0.040625
0 0.65859375 0.42421875 0.05390625 0.0453125
0 0.5046875 0.490625 0.04921875 0.04375
0 0.58125 0.4859375 0.04921875 0.05
1 0.7328125 0.475 0.0546875 0.0328125
0 0.48671875 0.55625 0.0515625 0.0484375
0 0.51796875 0.58671875 0.06171875 0.0359375
0 0.41484375 0.6046875 0.05546875 0.03046875
1 0.4734375 0.6453125 0.05234375 0.0484375
0 0.5375 0.68203125 0.05859375 0.0375
0 0.6265625 0.53671875 0.053125 0.03828125
1 0.6 0.61171875 0.05625 0.0375