0 0.32421875 0.34140625 0.0359375 0.0296875
0 0.36328125 0.3671875 0.0390625 0.0390625
0 0.415625 0.3171875 0.0296875 0.03515625
0 0.48515625 0.35703125 0.03359375 0.0421875
0 0.51640625 0.42578125 0.04140625 0.03828125
0 0.45234375 0.44921875 0.03671875 0.0328125
0 0.346875 0.4328125 0.0296875 0.03046875
0 0.33828125 0.50078125 0.02421875 0.04375
0 0.3828125 0.52734375 0.02890625 0.03359375
0 0.434375 0.57265625 0.03359375 0.0515625
0 0.46796875 0.53359375 0.03515625 0.0421875
0 0.49453125 0.62578125 0.028125 0.046875
0 0.453125 0.6546875 0.02734375 0.0390625
0 0.33125 0.63984375 0.03515625 0.0296875
0 0.54609375 0.58671875 0.0296875 0.04296875
1 0.2921875 0.47734375 0.02734375 0.0421875
1 0.30859375 0.5625 0.03671875 0.03984375
1 0.39921875 0.45078125 0.040625 0.03828125
1 0.37734375 0.63515625 0.03671875 0.0453125
1 0.39375 0.73125 0.0328125 0.03984375
1 0.50625 0.50390625 0.03515625 0.0359375