0 0.54765625 0.24296875 0.06875 0.053125
0 0.3953125 0.31953125 0.0765625 0.0421875
1 0.6265625 0.37578125 0.0859375 0.0546875
0 0.44453125 0.39765625 0.1015625 0.04453125
0 0.2734375 0.425 0.0703125 0.0421875
0 0.33828125 0.4484375 0.07734375 0.04453125
1 0.25 0.49296875 0.08671875 0.05546875
1 0.38125 0.47890625 0.08515625 0.04765625
0 0.48984375 0.48671875 0.065625 0.065625
1 0.59453125 0.44609375 0.06953125 0.059375
0 0.70546875 0.41015625 0.06484375 0.059375
1 0.384375 0.559375 0.0828125 0.06171875
0 0.475 0.5671875 0.07265625 0.05390625
1 0.57890625 0.5203125 0.0875 0.06171875
1 0.72890625 0.50234375 0.078125 0.05234375
1 0.5359375 0.640625 0.0890625 0.05078125
0 0.62109375 0.62109375 0.075 0.06484375
1 0.74609375 0.5703125 0.0796875 0.04765625
0 0.48125 0.72421875 0.08359375 0.046875
0 0.575 0.7265625 0.08046875 0.0578125
0 0.6546875 0.696875 0.08203125 0.046875