0 0.25859375 0.44453125 0.05390625 0.04609375
0 0.3703125 0.36484375 0.05625 0.0546875
0 0.45078125 0.33125 0.07734375 0.05234375
1 0.609375 0.33203125 0.0640625 0.05625
0 0.5546875 0.36328125 0.0609375 0.0625
0 0.7140625 0.3421875 0.0828125 0.0390625
0 0.62109375 0.3859375 0.071875 0.0484375
0 0.4359375 0.43046875 0.06171875 0.059375
1 0.34296875 0.4640625 0.06015625 0.05234375
0 0.3765625 0.49921875 0.06875 0.06328125
0 0.5875 0.45078125 0.06640625 0.0453125
0 0.503125 0.5015625 0.08671875 0.0390625
1 0.44375 0.58125 0.06171875 0.046875
0 0.7015625 0.46640625 0.06796875 0.059375
0 0.78125 0.43671875 0.0609375 0.05546875
0 0.66796875 0.525 0.06953125 0.0453125
1 0.61953125 0.584375 0.05859375 0.0625
1 0.74296875 0.56484375 0.0703125 0.0484375
1 0.61484375 0.65546875 0.06171875 0.05
0 0.73046875 0.646875 0.06953125 0.06875