1 0.5828125 0.30078125 0.059375 0.0421875
0 0.5234375 0.315625 0.05625 0.03515625
1 0.69921875 0.3265625 0.05625 0.03046875
0 0.5640625 0.3734375 0.05625 0.03515625
0 0.41796875 0.36796875 0.04296875 0.040625
1 0.4734375 0.39375 0.05390625 0.0359375
0 0.546875 0.42109375 0.04453125 0.046875
1 0.6125 0.440625 0.05703125 0.03359375
0 0.7484375 0.4296875 0.0671875 0.03359375
1 0.315625 0.42109375 0.046875 0.04140625
1 0.40390625 0.45 0.06640625 0.03671875
1 0.52109375 0.490625 0.0546875 0.03984375
1 0.65078125 0.48359375 0.05703125 0.04609375
1 0.3140625 0.48515625 0.05625 0.04375
0 0.3875 0.49609375 0.05546875 0.0390625
1 0.58125 0.5390625 0.0546875 0.0296875
0 0.71796875 0.540625 0.0578125 0.03984375
1 0.4609375 0.57734375 0.0625 0.03046875
0 0.3765625 0.596875 0.06640625 0.0328125
0 0.534375 0.615625 0.0453125 0.04296875
0 0.46015625 0.63984375 0.053125 0.04375