1 0.45 0.23984375 0.0828125 0.05234375
1 0.41640625 0.28984375 0.07578125 0.04609375
1 0.67109375 0.22578125 0.06484375 0.03984375
1 0.19453125 0.4140625 0.078125 0.04609375
1 0.39296875 0.4796875 0.078125 0.0453125
1 0.53203125 0.52734375 0.0515625 0.04765625
1 0.4203125 0.56953125 0.053125 0.05546875
1 0.3625 0.6625 0.07265625 0.04765625
1 0.69296875 0.54140625 0.07265625 0.04296875
1 0.61484375 0.378125 0.0546875 0.05625
0 0.34296875 0.35234375 0.05703125 0.0625
0 0.53828125 0.30546875 0.0703125 0.05
0 0.6390625 0.2984375 0.05390625 0.05234375
0 0.47421875 0.39609375 0.06875 0.03984375
0 0.47890625 0.46484375 0.078125 0.0390625
0 0.7046875 0.3984375 0.06015625 0.0625
0 0.80859375 0.334375 0.0828125 0.0421875
0 0.26015625 0.50625 0.0765625 0.05703125
0 0.20859375 0.6390625 0.065625 0.05
0 0.35703125 0.76328125 0.08125 0.05
0 0.5609375 0.6984375 0.05703125 0.05625