1 0.31328125 0.525 0.0390625 0.06640625
1 0.39921875 0.43125 0.04609375 0.0640625
1 0.4046875 0.34140625 0.03984375 0.046875
1 0.40625 0.2765625 0.05 0.06328125
1 0.49609375 0.29609375 0.04296875 0.06328125
1 0.475 0.4109375 0.03359375 0.059375
1 0.56640625 0.53984375 0.0375 0.04375
1 0.5640625 0.44453125 0.03671875 0.06640625
1 0.57890625 0.2734375 0.0328125 0.053125
1 0.521875 0.73984375 0.03671875 0.06328125
0 0.4265625 0.61015625 0.05625 0.0515625
0 0.48359375 0.50859375 0.0515625 0.0515625
0 0.4296875 0.77578125 0.0359375 0.0609375
0 0.50859375 0.6171875 0.0359375 0.059375
0 0.646875 0.6890625 0.0375 0.05390625
0 0.62578125 0.34140625 0.0421875 0.06171875
0 0.54765625 0.3640625 0.03828125 0.0578125
0 0.52734375 0.19375 0.0328125 0.053125
0 0.671875 0.2625 0.03984375 0.0625
0 0.64453125 0.4859375 0.0359375 0.0578125
1 0.57890625 0.6546875 0.04375 0.05546875