1 0.55 0.696875 0.04375 0.0265625
1 0.52578125 0.646875 0.04296875 0.025
1 0.38984375 0.60390625 0.03203125 0.0328125
1 0.3671875 0.55703125 0.0359375 0.03046875
1 0.57265625 0.434375 0.0421875 0.02421875
1 0.68046875 0.49609375 0.034375 0.0390625
1 0.59375 0.51484375 0.03203125 0.02578125
1 0.54140625 0.571875 0.040625 0.02578125
1 0.471875 0.50859375 0.03359375 0.0203125
0 0.51875 0.4046875 0.0421875 0.02734375
0 0.60859375 0.39765625 0.03359375 0.02421875
0 0.4890625 0.44375 0.0421875 0.02421875
0 0.42734375 0.4984375 0.034375 0.025
0 0.453125 0.5515625 0.05 0.0265625
0 0.63828125 0.54375 0.046875 0.02734375
0 0.72109375 0.57265625 0.04296875 0.028125
0 0.61796875 0.5921875 0.03359375 0.02265625
0 0.4453125 0.6 0.040625 0.0265625
0 0.46875 0.678125 0.0484375 0.02890625
0 0.59296875 0.66484375 0.03671875 0.02734375
0 0.52734375 0.5203125 0.04609375 0.02734375