0 0.28671875 0.1984375 0.08359375 0.07421875
0 0.40390625 0.303125 0.06484375 0.06015625
1 0.5375 0.31796875 0.0609375 0.059375
1 0.315625 0.35703125 0.09140625 0.05390625
1 0.21640625 0.28984375 0.08203125 0.0625
1 0.1546875 0.43203125 0.08125 0.04375
1 0.175 0.55234375 0.071875 0.0546875
1 0.328125 0.60703125 0.07578125 0.05234375
1 0.428125 0.58359375 0.0625 0.0578125
1 0.46875 0.534375 0.065625 0.0375
0 0.26484375 0.4484375 0.0734375 0.0578125
0 0.33671875 0.540625 0.05390625 0.05546875
0 0.57734375 0.54296875 0.0609375 0.05859375
1 0.51796875 0.4296875 0.08203125 0.05546875
1 0.64140625 0.33359375 0.07734375 0.04375
1 0.69609375 0.4484375 0.0875 0.05546875
1 0.73828125 0.54609375 0.0828125 0.05546875
0 0.63359375 0.625 0.059375 0.05546875
1 0.5125 0.61015625 0.06875 0.0671875
0 0.39375 0.459375 0.075 0.0515625