1 0.4515625 0.2796875 0.03671875 0.03984375
0 0.42109375 0.325 0.02578125 0.04453125
0 0.359375 0.35234375 0.0375 0.0390625
0 0.35625 0.43984375 0.0375 0.03984375
0 0.40390625 0.490625 0.0421875 0.04140625
0 0.36953125 0.5765625 0.0375 0.05078125
1 0.43515625 0.54453125 0.03046875 0.03671875
1 0.46171875 0.4609375 0.02890625 0.04453125
1 0.53515625 0.34375 0.0390625 0.04140625
0 0.5203125 0.4015625 0.0421875 0.03828125
0 0.5484375 0.4546875 0.0328125 0.034375
1 0.540625 0.521875 0.0375 0.0375
1 0.5 0.540625 0.03046875 0.04609375
1 0.4171875 0.66328125 0.02578125 0.0515625
1 0.490625 0.6640625 0.04296875 0.04765625
1 0.6078125 0.578125 0.03125 0.04921875
0 0.575 0.31015625 0.0375 0.0453125
0 0.60859375 0.41328125 0.0265625 0.05234375
0 0.6421875 0.53515625 0.03984375 0.04921875
0 0.61171875 0.696875 0.0421875 0.04453125
0 0.4515625 0.77421875 0.034375 0.04765625