1 0.4875 0.3515625 0.075 0.04375
0 0.43203125 0.38203125 0.06953125 0.0328125
1 0.61875 0.35390625 0.0734375 0.034375
0 0.71015625 0.4484375 0.07109375 0.04140625
0 0.34921875 0.46015625 0.05390625 0.03671875
0 0.49765625 0.4328125 0.065625 0.03359375
1 0.40859375 0.47265625 0.0578125 0.02890625
0 0.496875 0.48203125 0.05390625 0.05078125
1 0.571875 0.48671875 0.05703125 0.0359375
1 0.6296875 0.52578125 0.065625 0.0421875
0 0.721875 0.57265625 0.05546875 0.04296875
1 0.26953125 0.53359375 0.05234375 0.04765625
1 0.36796875 0.5453125 0.06875 0.034375
1 0.4984375 0.5609375 0.059375 0.0375
1 0.5796875 0.596875 0.05703125 0.03359375
1 0.2953125 0.59609375 0.05 0.04921875
0 0.37109375 0.59296875 0.06640625 0.03671875
1 0.4734375 0.6609375 0.06484375 0.03359375
0 0.39609375 0.6953125 0.0671875 0.03359375
0 0.5546875 0.68359375 0.05546875 0.0390625
0 0.4953125 0.71875 0.0546875 0.0375