0 0.30078125 0.4515625 0.0328125 0.0578125
1 0.25078125 0.6125 0.03671875 0.0609375
0 0.315625 0.54921875 0.0453125 0.0515625
0 0.40859375 0.38359375 0.0375 0.06328125
1 0.415625 0.45625 0.034375 0.0578125
0 0.4453125 0.36328125 0.03125 0.075
1 0.5078125 0.41640625 0.03203125 0.06484375
1 0.534375 0.48359375 0.04375 0.0515625
1 0.5046875 0.56328125 0.04296875 0.06328125
0 0.45625 0.61328125 0.0375 0.05078125
0 0.39140625 0.55234375 0.0390625 0.065625
1 0.3625 0.6125 0.03984375 0.040625
1 0.36328125 0.721875 0.040625 0.04609375
1 0.4140625 0.6578125 0.03515625 0.053125
1 0.44609375 0.74140625 0.040625 0.05078125
0 0.5203125 0.75078125 0.02890625 0.05390625
0 0.5390625 0.7015625 0.04765625 0.0453125
0 0.596875 0.68046875 0.03125 0.05546875
1 0.58515625 0.58046875 0.03125 0.04375
0 0.59921875 0.50390625 0.0328125 0.059375
0 0.59375 0.4125 0.02890625 0.05078125