1 0.46171875 0.221875 0.0546875 0.0609375
1 0.31328125 0.40859375 0.03671875 0.0703125
1 0.421875 0.4609375 0.065625 0.0578125
1 0.39140625 0.30546875 0.0625 0.0578125
1 0.325 0.49765625 0.0484375 0.0515625
1 0.421875 0.66640625 0.0484375 0.071875
1 0.3859375 0.79296875 0.05390625 0.0625
1 0.5296875 0.7765625 0.04140625 0.07734375
1 0.634375 0.69296875 0.053125 0.05546875
1 0.6375 0.52734375 0.05546875 0.05546875
1 0.58515625 0.45234375 0.05234375 0.05703125
1 0.5796875 0.3671875 0.0578125 0.065625
1 0.52734375 0.45 0.03359375 0.06328125
0 0.559375 0.2578125 0.04921875 0.0515625
0 0.50625 0.35390625 0.05625 0.0515625
0 0.4859375 0.55078125 0.05 0.05078125
0 0.57421875 0.55859375 0.0515625 0.05703125
0 0.5140625 0.6703125 0.06171875 0.05390625
0 0.35 0.61640625 0.0625 0.053125
0 0.29375 0.771875 0.06953125 0.0640625