1 0.3875 0.36640625 0.040625 0.06640625
0 0.44140625 0.33203125 0.04140625 0.06796875
0 0.5609375 0.346875 0.04921875 0.05625
0 0.671875 0.3953125 0.0625 0.05546875
0 0.45234375 0.39453125 0.05078125 0.0484375
0 0.5265625 0.42890625 0.05546875 0.06015625
1 0.4421875 0.44453125 0.053125 0.053125
1 0.39296875 0.5 0.04765625 0.07890625
0 0.48046875 0.51640625 0.05390625 0.06015625
0 0.42265625 0.5625 0.04296875 0.059375
1 0.60625 0.53984375 0.04921875 0.06171875
1 0.54609375 0.56328125 0.0515625 0.04375
1 0.49375 0.60078125 0.06328125 0.0546875
1 0.39765625 0.64921875 0.05625 0.06328125
0 0.325 0.66953125 0.04296875 0.0625
0 0.3578125 0.72421875 0.03203125 0.075
0 0.40390625 0.76015625 0.0390625 0.059375
0 0.43984375 0.69296875 0.04921875 0.05546875
1 0.5203125 0.74453125 0.03515625 0.06328125
1 0.55859375 0.6859375 0.053125 0.0578125
0 0.61484375 0.61484375 0.040625 0.06171875