1 0.44765625 0.2015625 0.11484375 0.0609375
1 0.5875 0.43203125 0.08203125 0.08359375
1 0.3734375 0.43984375 0.0796875 0.0703125
1 0.3 0.3609375 0.1203125 0.06484375
1 0.51015625 0.57265625 0.08359375 0.06015625
1 0.45078125 0.67109375 0.08203125 0.07265625
1 0.625 0.73046875 0.0765625 0.06875
0 0.603125 0.58671875 0.08984375 0.06640625
0 0.5890625 0.22734375 0.071875 0.06484375
0 0.54140625 0.30078125 0.0796875 0.07890625
0 0.4484375 0.35390625 0.103125 0.0578125
0 0.303125 0.2546875 0.10703125 0.07890625
0 0.4734375 0.44140625 0.08984375 0.05234375
0 0.38046875 0.5484375 0.09140625 0.06015625
0 0.21953125 0.5515625 0.128125 0.06015625
0 0.328125 0.6453125 0.103125 0.0515625
0 0.265625 0.46640625 0.10859375 0.06015625
0 0.321875 0.73984375 0.10703125 0.06484375
0 0.45546875 0.7953125 0.10859375 0.06484375
0 0.578125 0.83203125 0.10703125 0.0734375