1 0.321875 0.45703125 0.0359375 0.03359375
1 0.31640625 0.53203125 0.04375 0.0375
0 0.421875 0.3625 0.05 0.03203125
0 0.46796875 0.4 0.053125 0.034375
0 0.41640625 0.44375 0.040625 0.03203125
1 0.484375 0.48203125 0.065625 0.03125
0 0.37890625 0.4953125 0.040625 0.03515625
0 0.4296875 0.53359375 0.046875 0.0359375
0 0.31484375 0.5984375 0.04765625 0.028125
1 0.38203125 0.61484375 0.059375 0.0328125
1 0.36875 0.690625 0.053125 0.02890625
0 0.478125 0.6578125 0.04140625 0.03359375
0 0.48125 0.5890625 0.04296875 0.04453125
0 0.54296875 0.57265625 0.06015625 0.0296875
1 0.6109375 0.56875 0.05546875 0.02890625
1 0.571875 0.39453125 0.0390625 0.03828125
0 0.55703125 0.5015625 0.05 0.0296875
1 0.6265625 0.44921875 0.0609375 0.03203125
1 0.64609375 0.51953125 0.0578125 0.0359375
1 0.55234375 0.65859375 0.05234375 0.03515625
0 0.62890625 0.64453125 0.046875 0.03046875