0 0.12890625 0.39140625 0.090625 0.0390625
0 0.3328125 0.40234375 0.0921875 0.04609375
1 0.428125 0.3359375 0.05703125 0.0484375
1 0.48359375 0.2859375 0.08359375 0.04765625
0 0.53125 0.33671875 0.07890625 0.04296875
0 0.66640625 0.321875 0.0515625 0.053125
1 0.46484375 0.425 0.053125 0.0515625
0 0.2640625 0.53046875 0.084375 0.053125
0 0.409375 0.49921875 0.08984375 0.046875
0 0.1484375 0.6546875 0.08125 0.04375
1 0.67421875 0.4015625 0.0703125 0.0375
0 0.58359375 0.44140625 0.05390625 0.05078125
0 0.365625 0.59453125 0.0546875 0.05546875
0 0.3078125 0.690625 0.05859375 0.05859375
1 0.4953125 0.57421875 0.05625 0.0484375
1 0.55078125 0.50859375 0.05625 0.05234375
0 0.6953125 0.48203125 0.0671875 0.05859375
0 0.7984375 0.45546875 0.06171875 0.05625
1 0.465625 0.64609375 0.07421875 0.04296875
1 0.5984375 0.61484375 0.07890625 0.0625
0 0.5078125 0.75078125 0.065625 0.059375