0 0.4125 0.109375 0.05390625 0.0890625
0 0.35 0.2921875 0.0484375 0.06171875
0 0.42265625 0.36328125 0.05546875 0.0734375
0 0.3203125 0.48671875 0.046875 0.05390625
0 0.378125 0.47890625 0.03984375 0.071875
0 0.49921875 0.4515625 0.05078125 0.08046875
0 0.52890625 0.55703125 0.0515625 0.0609375
0 0.6140625 0.24453125 0.05546875 0.0625
0 0.65546875 0.54453125 0.0609375 0.0734375
0 0.71171875 0.62265625 0.04765625 0.065625
0 0.67421875 0.690625 0.05625 0.0609375
0 0.61015625 0.728125 0.05234375 0.06328125
1 0.54140625 0.2421875 0.06015625 0.06484375
1 0.55 0.34921875 0.0484375 0.07890625
1 0.4265625 0.49296875 0.04765625 0.08046875
1 0.34296875 0.578125 0.06015625 0.06015625
1 0.46875 0.58671875 0.0625 0.07109375
1 0.60703125 0.61171875 0.05 0.06875
1 0.57734375 0.44609375 0.05078125 0.08828125
1 0.6765625 0.34609375 0.05 0.0796875
1 0.72109375 0.4265625 0.06015625 0.053125