1 0.2640625 0.50390625 0.04375 0.04140625
0 0.3703125 0.4375 0.03984375 0.04140625
1 0.45859375 0.4171875 0.04765625 0.03984375
1 0.5546875 0.39921875 0.046875 0.03203125
1 0.3703125 0.48828125 0.0515625 0.04765625
0 0.52421875 0.45 0.0546875 0.0328125
0 0.60234375 0.46171875 0.04453125 0.03515625
0 0.70703125 0.440625 0.0421875 0.040625
0 0.49453125 0.49765625 0.05 0.03515625
1 0.5796875 0.5203125 0.05078125 0.04921875
0 0.6765625 0.48359375 0.05 0.04453125
0 0.34140625 0.5734375 0.05 0.03359375
0 0.43671875 0.553125 0.0625 0.04453125
0 0.5796875 0.578125 0.04375 0.04453125
0 0.73203125 0.5421875 0.0484375 0.040625
0 0.37109375 0.62265625 0.06484375 0.04375
0 0.48125 0.59375 0.0515625 0.04765625
0 0.51015625 0.640625 0.05234375 0.0453125
0 0.4140625 0.6859375 0.0515625 0.0421875
0 0.60625 0.65546875 0.05078125 0.05234375
0 0.68828125 0.62265625 0.06171875 0.04375