0 0.56953125 0.325 0.0421875 0.02421875
0 0.6625 0.32109375 0.0359375 0.0234375
0 0.5375 0.3625 0.03671875 0.0234375
0 0.475 0.4125 0.03671875 0.021875
0 0.43359375 0.446875 0.04140625 0.0203125
0 0.52890625 0.41640625 0.03515625 0.02265625
0 0.49609375 0.46796875 0.04296875 0.02890625
0 0.484375 0.5140625 0.03828125 0.02421875
0 0.6515625 0.42421875 0.0359375 0.021875
0 0.725 0.415625 0.0390625 0.02890625
0 0.6828125 0.46796875 0.05234375 0.025
0 0.76328125 0.496875 0.03984375 0.028125
0 0.659375 0.5140625 0.0359375 0.02421875
0 0.628125 0.5828125 0.03828125 0.0296875
0 0.50390625 0.58984375 0.0421875 0.025
1 0.56328125 0.5625 0.0421875 0.02265625
1 0.584375 0.6109375 0.04140625 0.02578125
1 0.58359375 0.4890625 0.03984375 0.02421875
1 0.58515625 0.428125 0.04453125 0.025
1 0.6234375 0.35625 0.0359375 0.0234375
1 0.43125 0.515625 0.034375 0.03359375