0 0.26328125 0.48359375 0.05234375 0.08125
0 0.35546875 0.53671875 0.04921875 0.08671875
0 0.57265625 0.284375 0.06015625 0.0578125
0 0.509375 0.3859375 0.05078125 0.0703125
0 0.6953125 0.40234375 0.05859375 0.0625
0 0.615625 0.45234375 0.05078125 0.0953125
0 0.47890625 0.61953125 0.0515625 0.09453125
0 0.3546875 0.72890625 0.053125 0.09140625
0 0.6171875 0.69140625 0.05078125 0.0953125
0 0.725 0.58125 0.053125 0.084375
0 0.75390625 0.7375 0.0546875 0.1046875
1 0.2515625 0.6421875 0.053125 0.1
1 0.3484375 0.4265625 0.0640625 0.09140625
1 0.41953125 0.39453125 0.05390625 0.06640625
1 0.43203125 0.4796875 0.05390625 0.05234375
1 0.52109375 0.51875 0.04921875 0.08203125
1 0.4703125 0.3015625 0.04296875 0.08359375
1 0.6328125 0.5734375 0.05078125 0.08203125
1 0.52734375 0.76484375 0.04296875 0.0859375
1 0.4546875 0.8125 0.05546875 0.06640625