0 0.4171875 0.30234375 0.06796875 0.046875
0 0.46640625 0.35078125 0.0703125 0.053125
0 0.578125 0.34296875 0.078125 0.04453125
1 0.2859375 0.41171875 0.06015625 0.0546875
0 0.4 0.4046875 0.0640625 0.04375
0 0.66953125 0.421875 0.08515625 0.04140625
1 0.471875 0.45546875 0.08125 0.05
0 0.3421875 0.4625 0.06796875 0.053125
1 0.2625 0.4984375 0.06328125 0.05625
0 0.4 0.5125 0.0625 0.05
0 0.55703125 0.4828125 0.08046875 0.04453125
0 0.6734375 0.50390625 0.08515625 0.04296875
0 0.2484375 0.58046875 0.07421875 0.0453125
1 0.32734375 0.6078125 0.07578125 0.04296875
0 0.45078125 0.58671875 0.05703125 0.06484375
0 0.525 0.5734375 0.0796875 0.04453125
1 0.6109375 0.5734375 0.08671875 0.0421875
1 0.29609375 0.696875 0.07890625 0.03671875
0 0.4328125 0.66875 0.059375 0.0453125
0 0.509375 0.67265625 0.0796875 0.0484375
0 0.61796875 0.67109375 0.07421875 0.040625