0 0.70859375 0.26953125 0.075 0.05
0 0.54453125 0.29609375 0.0546875 0.0453125
1 0.64609375 0.32109375 0.0859375 0.04453125
0 0.4859375 0.3375 0.06640625 0.05625
0 0.584375 0.3609375 0.06484375 0.0453125
0 0.36953125 0.359375 0.059375 0.04921875
0 0.34921875 0.4265625 0.0703125 0.0546875
0 0.46484375 0.40546875 0.05546875 0.0546875
1 0.2875 0.51015625 0.07265625 0.03984375
0 0.4890625 0.46796875 0.07109375 0.0484375
0 0.58046875 0.45859375 0.07109375 0.03828125
1 0.66015625 0.41640625 0.06484375 0.03203125
1 0.728125 0.4578125 0.0703125 0.03828125
0 0.38125 0.55859375 0.0734375 0.05078125
1 0.42734375 0.55 0.04765625 0.05
1 0.515625 0.525 0.06953125 0.04921875
1 0.615625 0.55859375 0.05390625 0.0484375
1 0.53671875 0.6265625 0.06328125 0.0515625
0 0.41328125 0.6671875 0.0546875 0.05
0 0.5890625 0.71953125 0.07109375 0.0484375
0 0.70546875 0.61015625 0.065625 0.05