0 0.3515625 0.3140625 0.04375 0.05546875
0 0.2875 0.37265625 0.0359375 0.0421875
0 0.365625 0.39765625 0.05234375 0.05
0 0.46015625 0.32734375 0.04765625 0.0484375
0 0.55703125 0.32890625 0.05234375 0.05859375
0 0.49921875 0.45390625 0.04453125 0.053125
0 0.55546875 0.47421875 0.03671875 0.046875
0 0.440625 0.57421875 0.0390625 0.0703125
0 0.29296875 0.55234375 0.04296875 0.04609375
0 0.33828125 0.5625 0.0359375 0.03984375
0 0.28125 0.64296875 0.05234375 0.05703125
0 0.3109375 0.7390625 0.04140625 0.04375
0 0.390625 0.7703125 0.0453125 0.05546875
0 0.45 0.70625 0.0484375 0.0578125
1 0.3671875 0.6390625 0.0453125 0.046875
1 0.528125 0.62890625 0.03984375 0.05546875
1 0.3828125 0.509375 0.04140625 0.04765625
1 0.26015625 0.49921875 0.046875 0.05390625
1 0.3203125 0.46953125 0.04140625 0.04609375
1 0.4359375 0.4140625 0.04296875 0.0578125
1 0.41328125 0.378125 0.00078125 0.00078125